4898 4797
1 14 15
1 6 19 23 39 43
1 16 25
2 47
2 1780 4078
2 196 206 207 208 1823
2 15 20
3 4 5 3906 3932 3947 3948 4783
3 5 4013
3 4
4 5 7
5 6
7 8 12 13 17
7 179 180 215 4010
7 8
8 9 17
9 10
10 146 4007 4037
11 12 4037
11 12 13 15
12 3699 3700 3734 3968 3969
13 20
14 2469 4505
15 23
16 27 29
16 18
17 18
18 4039
19 22 4003
19 21 37
20 21
21 22 24
22 23
23 24 66
24 29
25 4038
26 34 4038
26 27 36
28 4040
28 34 4040
28 29 31 32 33
29 30 198 1784 1786
30 4039
30 31 219 4024
31 32 33
32 33 38
33 231 4005
35 62 63 4042
35 36
36 4004
36 37 157 162 3883
37 38
38 153 175 181 4028
38 54
39 41
40 43 152 156 172 1572 1573
40 4021
40 41
41 44 55 57 75 3838 3839 4041
41 42 45
42 45 3700 4079
42 43 4041
43 44 45
44 45 46 47
44 46 47
46 47 103 104 2412
48 58 59 61 64
48 1040 1262 1263
48 49 50 51
49 60 63 65 74
49 371 372 376 426
49 50 52
50 52 60 65 4042
50 51 55 56
51 52
52 53 55 57
53 54 67
54 66
55 56 68
56 57 68
57 60
58 4027
58 63 65 4022
59 61 62
59 62
60 61
62 70
63 64 4023
64 65
66 237 238 1801
66 68
67 68 69 210 211 4017
67 70 71 235 4033
67 71 211 1818
69 70
71 73
72 136 137 2268
72 73
73 74 225 4031
74 90 1893 4043
74 199 4008 4043
75 83 86 87 95
75 2786 2788 2789 2829
75 77 111
76 3698 3820 3821 3970
76 77 81 108
77 86
78 138 143
78 4044
78 133 134 137
78 93 4045 4054
79 3105 3136 3137
79 86
79 80
80 81
81 82
82 87
83 84 85 141
83 84 4011
83 4045
84 4015
85 86
87 88 4044
88 89 129
89 4020
89 99
90 4047 4048
90 91
91 4026
91 92
92 706 708 4080
92 163 4046
93 176 177
93 94 4009
94 4046
94 157 193 4047
94 4048
95 98 101
95 4006
95 96 102 103 105 106 107
96 102
97 814 830 832 834 853
97 4014
97 4019
97 98 99 101 160
98 99
99 102 104 168 170
100 110 111 112
100 101
102 103 105 114
103 104
104 105 106
105 106 107 109
106 107 128 132
107 110
108 109 148 149 188
109 133 135 136 138
109 112
110 149 176
110 113 166
112 113
113 114 115
113 115
115 190
116 158 159
116 118 120
117 118 4049
117 150 151 156 158 168 170
117 120 4049
117 118 4053
118 119
119 121
120 150 151 160 161
120 154 4057
121 123
122 153 170
122 1291 3762 3909 3918 3919 3922 3951
122 123 126
123 124
124 125 128
125 127
126 127 130
127 147 4050
127 128 4050
128 129
129 156 183 184
129 130 133 135
130 131
131 132 135
132 133 134 135
134 136 137 142
137 4035
138 139 142 145
138 4018 4051
139 157 158 179 180
140 4051
140 141
141 143
142 143 146
144 146 147
144 145 4025
145 147 1845
147 4030
148 4052
148 149 150 151
149 155
150 154 155
151 152 155
153 173 174 175 186 3789
153 155
154 176 1306 4071
156 4052
159 161
161 162
162 163 172 173
163 164 165
164 171
165 166 167
166 176 177
167 168
168 169 171
169 170
171 172 174
172 173 174
174 175 177
177 193
178 4053 4056
178 4054
178 179 180
179 195 4057
180 185
181 4055
181 182
182 183 188
184 185 194
185 1338 4315
185 186 191 192
186 187
187 188 190
188 189
189 190 4055
189 191 192
191 192 4029
192 4034
193 4056
193 195 4012
194 195
196 207 218
196 197 198 3899
197 198 199 202 229
197 201
198 4058
199 223 224 226
199 229 4058
200 202 203
200 4059
200 201 4060
201 4060
201 203 204
203 205
204 205 235 238
204 205 4036
205 208 209
206 207 210 213 217 218
206 1668 3700 3701 3702 3838 3839
208 3886 3891 3892 3954
208 209 221 228
209 220 221 222 4065
210 212 214 235
211 212
212 218 3970
212 213
213 214 229
214 215
215 4032 4061
216 217 4002
216 217 4059 4061
216 455 4077
216 217
219 220 221 234
220 221 222 224
220 222 224
222 223
224 4062
225 233
225 226
226 227 230
227 228 4063
228 230 4016
229 230
230 4064
231 232 233 1793
232 4064
232 233 4001
234 236 4066
234 4062
234 236
235 4066
236 3736 4063
236 237 1811 1812
238 4065
239 1336 4320
239 1527 1608 1609 1615 4363
239 243
240 241 411 422 4127
240 4111
240 241 244
241 246 247
241 296 298 368
242 4097
242 244 245
243 244 1370 1371
244 245 246
245 247 1540 1541 1601
245 246 248
247 926
248 1297 4111
249 284
249 252
250 251 256 4114
250 251 257 258 259
250 251
251 252 300
252 281
252 4105 4112
253 4112
253 342 4113
254 4113
254 255 265
255 265 266 272 273 274
255 256 277
256 264 265 273
256 275 4114
257 4089
258 259 4088
258 491 492 493
258 259 260
259 263
260 312 314 319 322 4118
260 4096
260 261
261 380 447
261 262
262 263
263 434 497 498
263 269
264 4106
264 4091
265 266 268 269 270
266 267
267 268 4256 4261
267 275 276 300
267 269 297 299
269 270
270 271 278 279 280 306
270 283 4115
271 274 275 276
271 276
272 273 277
273 274
274 560 4186
276 290
277 278
278 279 283 4115
279 282
280 281
281 1111 1112
282 283 284 330
282 284 4095
285 292 4116
285 286 288 1398
286 333
286 4117
287 4100
287 4090
287 290 291
288 289 4101
288 290 291 316
288 289
289 291 337
291 294
292 4117
292 293
293 294 322
294 295 297
295 298
296 297
297 298 304 310
298 299 300
299 301
300 301 303
301 302 602 603
301 302 312
302 4094
302 303 305 314
303 316
304 305 306 4110
305 319 321 324 4119
305 306 310
306 307 309
307 308
308 309 4098
309 310
310 311 323
311 511
312 313
313 330 331 332
313 316 4108
314 315 1517 1518 1523
314 315
315 4119
315 317 323 4107
316 318
317 318 325 326 4103
317 318 320
318 320
320 321 327 332 4118
321 327 328 4093
322 323
323 324 4109
324 325 4102
326 327 4116
327 328 329
328 4099
329 331 4092
331 4104
332 333
334 481 4135
334 4139
334 335
335 354 4120
336 355 357 358 379 380 446
336 456 4120
336 337
337 345 346 347 511
337 350 351
338 4095
338
338 451 468 4130
338 339 340 341
339 341 343 344
339 340 383
340 362
341 342
341 457
342 4397
342 343
343 345 346 376 377
344 345
345 346 4109
346 391
347
347 348 356
348 349 351
348 364 366 367
348 349 352
349 387
350 351 362 363 378
350 351 352 370
352 379 380
352 353
353 375
354 356 4102
354 357
355 475 476 1323
355 4104
355 358 361 362 367 435 500
356 4390
356 357
358 487 2254 2255
358 359
359 360 4123
360 361
361 366
363 377 433
363 365 389
364 365
365 401
367 368 375
368 376
369
369 372 373
370 371
371 374
372 428 4397
373 485
373 374
375 378
376 377 379 436 489
378 4121
379 404 4121
381
381 389 4122
381 383
382 383 384
382 438 439 442 4131
382 447 449 4126
382 384 387
383 4124
384 385
385 386 388 396
386 389 4123
386 4124
387 397 4125
387 388 398
388 391 392
388 393 4125
389 390 392 394 395
390 394
392 393
393 394 395 400 403
394 395 402 405
395 398
396 397
397 438 440 441 442 4014
397 398 402
398 399 401
399 400 406 407
400 406
401 403
402 403 405 406 408 4122
402 404 452 467
404 410
404 405
405 4076
406 407
407 410 445 459 460
408 409 410
409 410
411 412 450
412 417 428
413 425 426 427 433
413 414 416 446
414 423 4127 4130
414 438
415 417 418 431
415 417 419 424
415 430
415 416
416 418 435 436
418 431
419 4128
419 4001
419 4393
420 429 430
420 422 423
420 425
421
421 4010
421 422 423 424
423 426
424 426
427 430
428 430
429 1085 1086 1087
431 4128
432 459 4126
432 508 509
432 433 435
433 438 439 4129
434 441
435 436 437 447
436 437 443
437 4129
437 440
439 441 444
441 442 517
442 4011
443 444
444 445
445 453
446 448
447 448 449 451
449 450
450 479 493 4134
450 452
451 454
452 453 4392
453 454
454 4015
455
455
455 456 458
456 457
457 4073
457 4395
458 459 460 463
459 460 4396
460 4100
461 470 4132
461
461 462 469
462 463 466 4067
462 4793
462 468 504
463
463 4392
464
464 465 474
465 4086
465 4108
465 470
466 4131
466 4092
466 467
467 4132
468 469 472
469 470 474
470 475
471 4133
471 472
472 473 482
473 475 507
474 476 4133
476 477 510
477 519
478 515 516 519
478 4005
478 479 480
480 514
480 4135
481 3989
481 482 483 485
481 4136
482 4007
482 499 500
483 487
484 485 4137
484 485 488 500
486 4134
486 487 491 2186
488 513 514
488 490
489 490 493 495 515 4137
490 491 492
491 492 509
492 498
493 494 496
494 495 496
495 498
495
496 497
499 4394
499 512 513
499 4099
500 501
501 507 508 510
501 502 514
502 503 508 509
503 506 507 512
503 508 509
504
504 505 506
505 515
506
510 511
511 4138
512 4138
515 4136
516 518
517 518
518
519 4139
520 915 919 4148 4150
520 1484 1607 1615
520 538 539 543 758
520 521
521 1604 1617 1618
521 1522 1523 1526 1658
521 522 524
522 523
523 525 4144
524 537 547 1582 1583
524 530 1434 4149
525 527 553 4150
525 1458 4341
525 526
526 534
527 1026 1027
527 528 529
528 529
529 1319 1322
529 530
530 1511 1621 4366
530 531
531 1273 1274
531 532 4147
532 4140
533 548 551 4141
533 543
533 549 4146 4151
534 535 536 540 553
535 1229 4153
536 553 4154
536 537 547
538 544 545
539 553 554 4154
539 4151
539 540
540 541 542 545
541 1174 1175 1177 1178
541 549 550 551 554
541 4152
542 544 4152
542 543
543 547 548 4142
545 546 1585 1586 1589
546 547
549 851 4149
550 4148
551 552 554
551 552 4145
552 4153
552 4143
554 1689 1692
555 556 557 558 4205
555 556 562
556 562 4204
556 560
557 558 559 562 747 771
557 559 568 570 573 610
557 559 564 589
559 575 580
560 563 565
560 561 568
561 567
562 563
563 4180
564 566 637
565 4199
565 581 4208
565 566 570
566 567 569
567 643
568 581 4208
569 570 571 575
570 571 692
571 4110
571 572 574
572 573 576 577
573 613 614
574 575 576
575 4205
576 580 4207
576 577 4204
577 578 1179 1184
578 579 663
579 4206
580 4206
581 4207
582 4098
582 584
583 585 586 587
583 584 585 620 911
583 742 4216
583 586 595
584 631 634
584 622 692 4213
586 627 3525 4212
586 622 804 808
587 635 636 4158
587 1687 1696 1701 4373
587 588 595 946 947 1675
588 631 632
588 604 777
589 601 4209
590 593 625 632 4211
590 1085 4277
590 591 593 602
591 627 4209
591 713 715 722
591 592 596
592 594 4200
592 593 594 595 596
593 594
594 610
595 596 601
596 598
597 603
597 599
598 599 600 602 603
599 600 630
600 605 609
601 712 716 720 721
601 602
604 605 633 4215
604 1486 1628
604 605 622
605 606 635
606 607
607 608 612
608 4214
609 742 743
609 612 628 4210
610 611 612 616
611 612 613 623 624
611 613 614 625
611 615
614 621
614 927
615 689 711
615 616 627
616 617 619
617 680 714 715 723 725
617 618 620
618 4216
619 4210
619 893
619 620
620 621 628 629
622 623 4211
623 624 635 4188 4212
624 625 626
624 626
625 749 750
626
627 4213
628 629 4214
628 629 632 762
629 4202
630 631
632 4195 4215
633 634
635 636 989 991
636 857
637
637 638 644
638 678 679
638 679
638 640
639 4160
639 640 642 655
640 668 669
640 649
641 1015 1016
641 712 713 716 981 1019
641 642
642 648
643 644 645 654
644 1079 4190
644 645 647
645 646
646 651 862 863
647 648
648 650 652
649 650 696
650 669 673
650 651
651 4217
652 4217
652 653 657 659 670
653 665
654 655 687
655 693 697 698
655 656 682
656 689
657 658 4203
657 658 664
658 659
659 4143
659 660 670
660 697
661 4170
661 662 665
662 665
662 735 736
662 663 669
663 666
664 666 667 4218
664 665 673 733
666 667 4178
667 668 4218
670 692 696 4219
670 672
671
671 4179
671 672
672 1350 1352 1356
672 673 677
673 674 675
674 716 964 4222
674 675 676 678
675 677 678
676 677 680
677 679
680 743
680 681 682
681 780
681 682 685
682 683 687
683 684 685 687
684 4027
685 686
686 698
687 688 701
688 689 695
689 690
690 691 701 4196
691 703 4225
692 693 694 1160
693 698 700 763
693 695 703 4219
694 695 697
695 699
696 698
699 700
700 701 821
701 702 4155
702 4220 4238
703 4220
703 704 998 4311
704 1107
705 713 714 715
705 726 728
705 713 718 719 721 722
705 710 711 4221
706 707 708 4177
706 1251 4194
706 707 708 717
707 708 710 725
707 709 715
709 728
709 710 711
710 711 1069 1072
712 4032
712 4396
714 4222
716 717 727
717 731 751 785 4224
717 718 723 727
719 724 4184 4223
720 4017
720 4223
720 4221
721 4181
721 722 735
723 724 726
723 726 735
725 767 768 770 774
725 726
727 728
729 4191
729 4008
729 1473 1474 1622 1625
729 730 735 736
730 737
731 737 739
731 732 733 1094
732 1433
733 734 738
734 4156
736 738
737 4225
738 739 741
739 740
740 741
741 742 4224
744 753 776 1108 1109 4283
744 4197
744 745
745 754 4171
745 754 768 4162
745 746
746 747 762
747 784 4168
747 748
748 751 4226
749 793
749 798 799
749 751 768 4226
750 771 775
750 996 997 4175
751 752 776
752 781 783 4201
752 753 796 797
753 754 755 783
754 758 787
755 756 757 4227
756 782 788
756 781 787 789
756 757 759
757 758
758 759 760
759 783
760 761 788
761 4227
761 777 778
762 763
763 797 798
763 765
764 771 772
764 765 766
765 768 769 775
765 766
766 769 4198
767 776 777
767 792 793 798
769 770 773
770 773
772 773 794
773 4159 4253
774 775
776 789 794
777 778 795
778 779 798
779 780
781 782
783 4228
784 786 4228
784 790
785 791
785 790 791
785 787
786 787 791
788 789 792 977 4390
794 795 796 797
795 796
796 797
799 4185
800 4229
800 1124 4192
800 801 930
801 934 936
801 819 1229
802 812 4230
802 820 835 966 4232
802 815 816 820
802 803 823
803 1082 1083 1150 4278
803 815 817 4231
803 804 805
804 806 807 809 872 937 4101
805 807 808
805 806
806 808 812 817
807 852 877 968
808 811 823
809 860 864 865 896 4391
809 810 822
810 826 827 828 872 935
810 813
811 812 945 1455
812 813
813 823
814 4232
814 829 888 1094 1095 1096 1097
814 815 818
815 816 4176
816 817
817 818 4230
818 858
819 820
821 827 828 1022
821 826 1288 4233
821 822
822 877 878 1569 1570 4257
822 824 4233
823 824
824 4199
825 4237
825 4081
825 1142 4189
825 830
826 827 833
826 856 887 941 942 2844
827 4142
828 829 4234
829 830 4235
830 4236
831 4182
831 943 3955 4252
831 833 910 987 1013
832 833 4236
834 1002 1003 4088
834 4237
835 4239
835 836 848 4243
836 837
837 926 927
837 838 839
838 841 842
838 847 848 857
838 842
839 878 881 882 885
839 840
840 4198
840 841 846
841 845
842 846 847
842 859 865 4240
843 932 933
843 844 4240
843 850 4241
844 845
846 886
846 892 893 896
847 888 903
848 858
849 4243
849 858 864
849 924 925
849 4201 4244
850 855 856
850 854 855 4245
850 851 852 856
851 852 4242
853 854 855
853 855
857 858
859 860 861
860 863 864 4203
860 867 873
861 4244 4245
861 931
861 862
862 863 865 871
863 872 873
865 866
866 867 4187 4231
867
868 869 870 874
868 873 874
868 870 874
869 927
869 912 914
870 874
870 907 1108
871 872 873 876 4068
875 4242
875 876 967 1113
876 4197
879 881 882 884
879 880 893
880 884
881 882 886 4241
881 883 4200
883 884
884 885 893
885 886 897
887 4172
887 888 890 906
889 908 909 916 917
889 891
890 922
890 891 894 899
891 892
894 4246
895 906 921 4246
895 897 4247
896 899 900 945 1343
896 897 901
897 898 903 904
898 900 901
900 943 4096
901 1013 4247
901 902
902 903 904
903 904 949 4163
904 905 906 4089
905 907 4239
906 907 1110
907 995
908 909 921 922 924 969 1025
908 920
908 909 922 978
909 922
910 4174
910 911 913
911 4202
911 912 915 918
913 939 940
913 916
914 951 952 954 956 1015 4238
914 916
915 917 4147
915 916
917 918
918 919
919 920 921
923 925 926
923 1078 4193
923 926
924 936
925 4103
928
928 929
929 1083 1084 1142
929 933 977
930 4195
930 4196
930 931 936 939 1291
932 4141
933 4169
933 934
935 936
937 956 957 961
937 938 4189
938 4248
938 1139 4249
938 940 982 4250
939 4251
940 941
941 942 988
941 942 4251
942 944 4389
943 944 4192 4252
944 946
945 4253
945 948
946 948
947 948 949 4191 4254
947 949 4190
948 4254
949 4167
950 963 964 967
950 951
951 955 1118 4185
951 952
952 969
952 953 954
953 954 955
953 955
955 956
957 958
958 959
959 960 4249
960 972
961 963 971
961 963 966 967 970
961 962 4194
962 971
965 4255
965 968 969
966 1113 4188
967 968 4255
968 969
970 972
971 973 4186
972 973 975
973 974 999 1001 4173
974 975
975 976
976
977 1008 1010 4265
977 978 1008
978 979 984 1011
979 1343
980 4257
980 1025 4256
980 981
981 983 1012 4266
981 982 987
982 983
983 985 1018 4229
984 4259
984 1009 1011
984 985 4260
985 4260
985 986 991 1005 4259
986 987 4261
987 988 1004
989 990 1000 4262
989 1251 4187
989 990 993
990 991 1002
991 992
992 1004 1006 4265
992 993
993 994
994 4264
994 995 996 997 998
995 4258
995 4183
996 997 1005
997 4263
998 4258 4263
998 4262 4264
999 1000 1007
999 1001
1000 1003
1001 1002 4193
1003 4083
1005 1007
1006 1007
1008 1010 1011 4266
1008 1009 1010 1012
1009 1012
1010 1011
1013 1014
1014 1015
1015 1076 4267
1016 1132 4180
1017 1208 1228 1332
1017 1021 1028 4270
1017 1018 4267 4270
1018 1062
1019 1020 4271
1019 4269
1019 1020
1020 1021
1021 1022 1046 1047
1022 1053 1057
1023 1024 1025
1023 1026
1024 1050 1052 1058
1025 1026
1026 1059 1060 1063 4275
1027 1029 1064
1028 1049 1050 1131
1028 1029 1039
1029 1037 1038 1040 1041 1043
1029 1030
1030 1031
1031 1045
1031 1032 1034 1035 1036
1031 1036 4272
1032 1034
1033
1033 1047 4268
1033 1035
1034 1048 4145
1034 1036 1046 1064
1035 4173
1036 1107
1037 1038 1042
1037 1041 1047 1049 1056
1037 1041
1038 1039 1040
1038 1042 1105 1106 4284
1041 1042
1042 1044 1051 1055 1067
1043 4272
1043 1044
1044 1053 1054 1057 1066
1044 1045
1046 1047 1048
1048 1049 1050
1049 1050 4164
1051 4274
1051 1052 1059 1064 1212 4097
1052 1053 4273
1054 1057 1066 4106
1055 1056
1056 1059
1057 1058
1058 1059
1060 1061 1062 4171
1061 4275
1061 1068
1062 1064 1065
1062 1063
1063 1065 1066
1065 1068
1066 1067 4268
1067 1068 4021
1068 1110
1069 1070 1071 1086 1087 1094 4279
1069 1071 1106 4281
1069 1070
1070 1071 1072
1071 1102 4276
1072 4276
1072 1073 1075 1100
1073 1076
1074 1097 1098
1074 1209 1222 1224 1799 1800
1074 1075 4283
1075 1261 1262 4394
1075 4269
1076 1077 4085
1077 4277
1078 1079
1079 4175
1079 1082 1086
1080 4278
1080 4087
1080 2917 2919 4306
1080 1081 1082
1081 1083
1084 1085
1086 1090 1091 4279
1087 1089 1091
1088 1091 1092
1088 1090 1096 1104
1089 1090 1092
1090 1092
1092 1100 1101
1093 1094 1095 1096 1097 1450
1093 1098 1105
1093 1095 4176
1095 1103 1303
1096 1097
1099 4280
1099 1100 1101 1103 1104
1100 1101 1682 1683
1101 4280
1102 1103
1103 4177
1104 4282
1105 1106 4282
1106 4281
1107 1108 1109 4172
1108 1109
1109 4182
1110 1111 1124 1398 4284
1110 1112 4157
1111 1214 4074 4299
1111 1227 4179
1112
1113 1115 4285
1113 1114 1123 1129
1114 4183
1114 1115 1123 1159 1165
1115 4184
1115 1116 1127
1116 1117 1121
1117 1118 1120
1118 1126 4287
1118 1119 1122
1119 1120 1195
1120 1121
1121 1129 1130
1121 1122
1122 1123 1200 4286
1123 4287
1124 1125 1126 1127
1125 1126 1128 1204
1125 1128 1161
1127 1128
1128 1151 1152
1129 1143 1144 1151 1152 1153
1130 4286
1130 1136
1131 1152 1153
1131 4293
1131 1134
1132 4297
1132 1133
1133 1134 1231
1134 1135
1135 4389
1135 1136 1205 1206
1136 1137 1195
1137 1138
1138 1212 4288
1139 1196 1197
1139 1140
1140 1141 1147
1141 1158
1141 4285
1142 1143 1145 4290
1142 1143 1144
1143 1144 1145 1156 1157 1220
1144 1145 1200
1145 1228 4289
1146 1154
1146 1147
1147 1148 1195 1197 4296
1147 1148 1155
1148 1149 1155
1149 1234 1236
1150 1151
1151 1152 1153 4291
1153 1154 1155
1155 1158 1181
1156 1157 1252 1254
1157 1158
1159 1161 1162 1193
1159 1160
1160 1162 1216 1217 4291
1160 1166 1179 1180 4292
1161 4388
1162 1193 1194 4292
1162 1163
1163 1169 1170 1171
1163 1164 1170
1164 1165 1174 1176
1165 1167 1168 1179 1180 1182
1165 1166
1166 1264 1265 1267
1166 1167 1168
1167 1168 1173
1168 1170 1175
1169 1171 1176 1183 1184 1186
1170 1172 1173 1188
1171 1172 1175
1172 1173
1173 1174 1178 4295
1175 1176 1238
1176 1177
1177 1178 4797
1178 3985
1179 4294
1180 1181 1189
1181 1182 1183
1182 1183
1183 1198
1184 1185 1187 1189
1185 1186
1186 1240
1187 4289 4290
1187 1207 1208
1187 1188 1248
1188 1190 4293
1189 1190
1190 1191 1221
1191 4294
1192 4295
1192 1193 1194 1204
1193 1194 1195
1194 1196
1197 1198
1199 4296
1199 1231 4297
1200 4288
1200 1201 1202
1201 1202
1202 1203 1207 4298
1203 1205
1204 1205 1206
1205 1206
1206 1207
1207 4298
1209 1210 1212 1214 1215
1209 1210 1211 4301
1210 1211 1216 1217 1218 1220
1210 1211 1224
1211 1214 4170
1212 1263 1264
1213 4299
1213 1224 1226 4302
1213 1214
1215 1216 1219
1216 1217 1218 4300
1217 1218
1218 1219 1241
1219 1248
1220 1221
1221 1223
1222 1223 1227 4300
1224 1225 1226
1225 1227
1226 1227
1228 1231 1232 1246
1228 1229 1245
1229 1230 1232 1238 1265 1266
1230 1248 4305
1230 1232 1243 1271
1232 1233 1234 1235
1233 1234
1234 1235
1235 1236 1240
1236 1241 1275
1237 1238 1241 1242
1237 1244 1245 1247 4304
1237 1246
1238 1239 1242 4165
1239 1240
1240 1243
1242 4303
1242 1243
1243 1245 4303 4398
1244 1245 4304
1244 1247
1246 1247
1247 4271
1248 1249 1250
1249 1272
1250 1265 1268 4305
1251 1255 1256
1251 1253
1252 1253 1254 1272
1253
1254 1258 1274
1255 4166
1256 1257 1258 1259
1256 1259
1257 1258 4178
1257 1259 1261
1259 1260 1262
1260 1261 1263
1265 1267 1268
1266 1267 1268 1269 1271
1266 1269 1271
1268 1664
1269 1270
1270 1273
1271 4306
1272 1285 4174
1273 1275 1276 4307
1274 1280 1281
1274 1279 4307
1275 1276 1284 4308
1275 1276 1280
1276 1277
1277 1278
1278 1279 1286
1279 1282
1281 1282
1282 1283 4069
1283 1284
1284 1285 1286 4308
1284 1286 4181
1286 4161
1287 1300 1301 1302
1287 4155
1287 1288 1289 1290
1288 4391
1288 1289
1289 1657 1658 1659 1660 1661
1289 1290 1298 1299
1290 1293
1291 4107
1291 1292
1292 1317 1318 1325 1326 1327 1331
1292 1293
1293 1295 2739
1293 1294
1294 1295
1295 1296
1296 1298 1303
1297 4105
1297 1298 1299
1298 1299 1300 1302
1299 1302
1300 1302 1303
1300 1307 4312
1301 4312
1303 1304
1304 1305 1306
1305 4082
1305 1306 1308 1310
1306 1307 1310 1312 1350
1307 1308
1308 1309 1330
1309 1310 1311 1354
1310 1311 1313
1311 1312 1313
1312 1313
1313 1314 4070
1314 1315 4310
1315 2420
1316 1330 1331 1340
1316 4314
1316 1317 1318
1317 1321 1324 1748
1317 1318
1318 1319 4314
1320 4313
1320 1321 1325 1333 1334
1322 4165
1322 1323
1323 1324 4313
1324 4311
1324 1334
1325 1335 1339 1345 1355
1325
1326 4157
1326 1328 1329
1327 1328
1328 1330
1329 1330
1331 1332 1333
1332 1333
1333 1334
1334 1357
1335 1337 1342
1335 1338 1339
1335 1336 1355 4319
1336 1337 1338
1337 1341 1342
1337 4318
1339 1340
1340 1343 1344
1341
1342 1344
1343 1344 1348
1344 1347
1345 1346 1353
1346 1358 1359 4309
1346 1353 1694
1347 1351 1352
1347 1354 1459 1460 4317
1347 1349 1352
1348 1349 1351
1349 1353 4162
1352 1355
1353 4316 4317
1354 4318
1355 1357 4320
1356 4316
1356 1358
1357 1358
1359 4075
1360
1360 1362
1360 1365 4330
1360 1361
1361 1407
1361 1450 4329 4339
1361 1362 1363 4330
1362 1363 1364 1365 1369
1363 4329
1363 1364 1366 1367 1368
1364 1434 1439
1365 1366 1368
1366 1367 1471 1478 1479 1480 1563
1366 1367
1367 1368 1413 1417
1368 1369 4327
1369 1441 1442
1370 1375 4333
1370 1394
1370 1372 1375 1402
1371 1379 1385
1371 1373
1372 1373 1379
1373 1375 1377
1373 1374 1376
1374 1377
1376 1377 1432
1377 1430
1378 1440 1441 1443
1378 1380 1381 4331
1379 1393 1394 1395
1380 1381 1401 1405 1406 1407
1380 1381 1383
1381 1382 1383
1382 4332
1383 1387 4332
1383 1384 1408
1384 4373
1385 1466 1515 1516 4342
1385 4331
1385 1386 1387 1390
1386 1388
1387 1388 1389 1411
1387 1389
1389 1505
1390 1439 4333
1391
1391 1392
1392 1393
1393 4328
1395 1396 1397 1399
1396 1397 1399 1400
1396 1400
1396 1397 1404
1397 4335
1398 1399 1428
1399 1462 1480
1401 1744 1745
1401 1404 1411
1402 1403
1403 4072
1403 1404 1405 1406
1404 1406
1405 1454 1670
1405 1701 1710
1406 1407 1412
1408 1409 1436
1409 4334
1409 1508 1621 4366
1409 1410
1410 4309
1410 1412 1413 1423 1513 1514 4334
1411 1414
1412 1416 4325
1412 1413 1414
1413 1414
1414 1415 1418 1419
1415 1416 1423
1416 1417 1418
1417 1418 1420 1428 4338
1418 1420 4324
1419 1420 1421
1420 1421
1421 1422 1438
1422 1423 1439
1423 1424 1425
1424 1425
1425 1426
1426 1427 1653
1427 1665
1428 1429 1430 1432
1429 1431 1525
1430 1431 1514
1430 1431
1431 1432 4158
1432
1433 1434
1434 1435 1437
1435 1565 4335
1435 1436
1436 4336
1436 1437 1438
1437 1651 4336
1438 1602 4352
1438 4337
1439 1444 1687 1690
1440 1441 1456 1739 1740 4338
1440 4337
1441 1442 1445 1446
1442 1443 1445 1446
1443 1447
1444 1445
1445 1446 4084
1446 1447
1447 1448
1448 4323
1449 4326
1449 4140
1449 1461 1462
1449 1451 1453 1455 1463
1450 1470
1451 4339
1451 1452 1453 1463
1452 1454 1470
1453 1454
1455 1506 1507 1598
1455 1456
1456 1458 4340
1456 1457
1457 4322 4340
1459 1461 1619 4354
1459 4146
1459 1460 1466
1460 1461
1463 4321
1463 1464
1464 1465 1467
1465 1466 1468 1623
1466 1467 1468
1467 1468 1469 1703
1468 4342
1469 4341
1469 1470 1553
1471 1482 1483
1471 1479 1480
1471 1484 1500
1472 1473 1474 1608 1611 1617 1618 1662
1472 1473 1554 4355
1472 1473 1474 1475
1474 4343
1475 4156
1475 1534 4351
1475 1477
1476
1476 1534 1535
1476 1477 1478 1479
1477 1478 1479
1480 1481
1481 1569 1570 1727
1481 4343
1481 1482
1483 1485
1484 1523
1484 1485
1485 1486 1487 1488
1487 1489 1490 1575
1487 1488 1572 4344
1487 1490 1492
1488 1489
1490 1491
1491 1492
1492 1495 1496
1493 1497 1498
1493 1494 4347
1494 1495 1496 1633 4393
1494 1495 1497 4345
1494 1496 1505 1551
1496 4345
1498 1592 1593 4094
1498 4168
1499 1505 1506 1507
1499 1502
1500 1501 1503 1541
1500 1502 1572 1573 1584 1588
1500 1501 1503
1501 1502
1502 1504 1506
1503 1504
1504 1550 1552
1505 1667 1751
1507 4164 4346 4358
1508 1595 4360
1508 1654 1655 1695
1508 1510 1537
1509 4347
1509 1558 1559 4348
1510 1513 1514
1510 1554 4356
1510 1512
1511 1512
1512 1517 1518 4348
1512 1514 1771
1515 1595 4360
1515 1566 1567 1569 1623 1772
1515 1516
1516 1517
1517 1518 1568 1569 1570 1672
1518 1521
1519 4398
1519 1562 1566 1568
1519 4310
1519 1520
1520 1521
1521 1522 4349
1522 4349
1524 1525 1526
1524 1657 1706 4368
1524 1564
1524 1526
1526 1546 1547
1527 4350
1527 4351
1528 1529 4352
1528 1530 1531 1545
1529 1583 1590 1591 1637
1529 1530
1530 1546 1577
1531 1532 4353
1532 1663 1710 1712 4370
1532 1533 1534 1543
1533 1536
1534 1535 4327
1535 1542
1536 1539 1545
1537 1539
1538 1543 1544
1538 1539 1540
1539 4166
1540 1541 4353
1540 1544
1542 1543
1545 4354
1546 1547 1578 1579
1546 1548 1549
1547 1549
1548 1549 1557
1549 1555 4091
1550 1551 1553
1551 1553 1554
1551 1552
1552 1555 1556
1554 4350 4355
1555 1556
1556 1557 4356
1556
1558 1559 4346
1558 4324
1558 1559
1559 1560
1560 1562 4358
1560 4357
1560 1561 1564 1565 1572 1573
1561 1562
1563 1564 1574 1575 1576
1565 1566 1567
1567 1568
1570 1592
1571 1573 1574
1571 1574
1574 1575 1576 1577 1578 1580 1581
1575 1576
1576 1580
1577 1578 1582 1583 1585 1587
1577 1578 1589 4357
1579 4359
1580 1582 4359
1580 1581
1581 1582 1584 1588 1593
1584 1586
1585 1586
1586 1587
1587 1588 1592
1588 1589
1589 1590 1592
1590 1591 4344
1591 1595
1593 1594
1594 1595
1596 1598 1599 1600 1608
1596 1598 1600 1621
1596 1600 1601 1773
1596 1602 1605
1597 1603 1617 1618 4362
1597 1599
1601 1602
1603 4361
1603 1604 1606
1604 1606
1605 1618 1629
1605 1718 1719 1735 1736
1605 1610
1606 1607 1609
1609 1655 1656
1609 1610 1614 1616 1619 4362
1610 1611
1611 1612 1640 1645 1646
1611 1613 1615 1619
1612 1613
1613 1614 4315
1614 4363
1615 1616
1616 4364
1617 4364
1619 1620
1620 4365
1621 4365
1622 4323
1622 1623 1624 1654 1655 1656
1623 1626 1627
1624 1626
1625 1626
1626 1702 1704
1627 1681 1682
1627 1628 1633 1634
1628 1661
1628 1630
1629 1631 1632 1660 1661
1629 1630 1631
1630 1631 1632 1645 1647
1630 1632
1632 1633
1633 1634 1641 1643
1634 1638 1642
1635 1641 1642
1635 1646
1635 1636 4395
1636 1637
1637 4367
1638 1639
1639 4367
1639 1640 1643 1644
1642 1643 1644
1642 1644
1644 1645 1686
1645 1646 4361
1647 1650
1648 1651 1737 1746
1648 1653 1656
1649 1650 1652
1649 1651
1651 1652
1652 1653
1653 1654
1656 4368
1658 1772 1776 4387
1658 1659 1660 1661
1659 1660
1662 1739 1740 1741 1750
1662 4369
1662 1663
1663 1664 1675 1676
1664 1665
1665 1679 1681
1665 1666
1666 1773 4385
1666 1667
1667 1698
1667 4328 4369 4370
1668 4167
1668 1675
1669 1674 1676 1677
1669 1677 4371
1670 1677 1678 1680 1681 1702 1705
1670 1671
1671 4372
1671 1672
1672 1678 1737
1672 1673
1673 1674 1680 1755 1766
1674 1679 1721
1675 1676
1677 4322
1679 4371
1680 1681
1682 1683 1684
1683 1685
1684 1685
1685 1686
1686 1690 4325
1687 1777 1778
1687 1688
1688 1689 4388
1689 4375
1690 1691 1692 1693
1691 1692 1693
1692 1693
1693
1694 4374
1694 1695 1696
1695 1696 1699
1696 1697
1697 1698 4321
1699 1700
1700 4374 4375
1701 1712 1729 1730 4377
1701 1706 1708 1709 1712 1771
1702 1713 1746
1702 1703
1703 1704
1704 1705
1705 1707 1726
1706 1707 4376
1706 4093
1707 1746 1748 1749 1750 4380
1707 1708
1708 1752
1709 4161
1709 1710
1710 1711 1713 1715 4376
1711 4377
1712 1713
1714 1715 1716
1714 1716
1714 4378
1715 1716 1746 4378
1715 1748
1716 1722 1734 4379
1717 1732 1733 1736 1753
1717 1727 1728 1731 1747
1717 1736 4160
1717 1718
1718 1719 4326
1719 1720 1733
1719 1720
1720 4379
1721 1722 1732
1722 1723
1723 1741 1742
1723 1731 1734
1723 1724
1724 4079
1725 1763 1764
1725 1726 1727 1731
1726 1727
1728 1760 1762
1728 1729
1729 1730
1730 1731
1734 1735
1737 1745
1737 4384
1738 1761 4380
1738 4144
1738 1740 1741 1755
1740 1741
1742 4383
1742 1743 1745
1743 1744 1745
1747 1748
1749 1750 1751 1769
1750 1751
1752 1753 1758 4382
1752 1753 1758
1753 1754 1765 1768
1754 1758 1759 4383
1754 1756 1762
1755 4381
1755 1756
1756 1757 1764
1757 1759 1760 4381
1759 1760 4169
1761 1762
1762 1763
1764 4078 4384
1765 4163
1765 4159
1765 1766 1767
1766 1767 1771 1776
1767 1768 1770
1768 1769
1769 1770
1770 1777 4385
1771 4386
1772 1773
1773 1774 1775
1774 1775
1775 1777 4090
1777 1778 4387
1778 4372
1779 1811 1812 2982
1779 1797 3029 3033
1779 1801 1802 4433
1780
1780 2971 3060 3085
1780 1796
1781 4028
1781 1796 1803 1834 4436
1781 1782 1783 4434
1782 4437
1782 1840 4405
1782 1783 1796
1783 1784 1786 1787
1784 4414
1784 1785 1799 4004
1785 1786 1787
1786 1787 1788
1787 1788
1788 1795 4434
1788 1789 1798 1809
1789 1790 1791
1789 1796 1797 1798 4435
1789 1791
1790 4435
1791 1792
1792 1793 1794
1793 1798
1794 1795
1795 1875 4464
1795 4436
1798 4437
1799 1800
1800
1801 3341 3342
1801 1803
1802 1804
1803 1804 1805 1806
1804 1817
1805 1807 4438
1805 3155
1805 1806
1806 1835 3159 4433
1806 4438
1807 1808 4439
1807
1807 1810
1808 1811 4440
1809 4033
1809 1810 1811 1812
1810 4440
1810 4431 4441
1812
1813
1813 4416
1813 1814
1814 4025
1814 1815
1815 1816
1815 1816
1816 1817 2959
1817 1818
1818 1819 4404
1819 1820
1820
1821
1821 1835 1836 1837
1821 3406 3407 3408 3419
1821 1822 1823 1842
1822
1822 1823 1826
1823 1824
1824 1825
1825 1826 4068
1825 1826 1843
1826 1827 1838
1827 1828 1844
1828 1832
1829 2892 2893 2895
1829 1830 2104 2108
1830 1831
1831 1832 1834
1832 1839 1840
1833 1839 1840 1841 4086
1833 1836 1845
1833 1845 1846
1833 4442
1834 1835 1836
1837 4422
1837 1838 1839 1840
1838 1839
1841 1842
1842 4442
1842
1843 2986 2987
1843 1844
1844 1845
1846
1847 2002 4478
1847 1851 1852
1848 4459
1848 1849 1855 1856
1849
1849 1850 1851 2026
1850 1855 1856 4462
1850 1854 1860 4461
1850 1867 1886 1887 1888 4461
1851 1852 1853 2004 4479
1851 1853 1858
1852 1853 1855 1856
1852 1854
1853 1854
1854 2027
1855 1863
1856 1868 1885
1857 1950 1968
1857 1860
1858 1859 1863
1859 1860 2129
1860 1861
1861 1865
1862 1949 1965 1966 2026
1862
1862 1863 1864 1865
1864 1865 1876
1865 4451
1866 2060 2077 2078 2080
1866 2059 2066 4485
1866 2183 2187
1866 1868
1867 1941 1943 1944 1946
1867 4425
1867 1870 1873 4463
1868 2029 4483
1868 1872
1869 1963 1970 1971
1869 1873
1870 1871 1872 1874 1878 1883
1870 1872 2006 2008
1870 1871 1877
1871 1874 1875
1873 1874
1874 1875
1876 1877 1882
1877 1878
1878 4463
1878 1881
1879 1881 4465
1879 1880 1883 2055
1879 1882 1883 4423
1879 1880 4449
1880 1935 1937 1938 1952 1965
1880 1884 4020 4465
1881 2009
1881 1882
1884 1949 1950
1884 1885
1885 1886 4447
1886 1887 1888 1889 1890
1887 1891
1887 1888
1888 1889
1889
1890 1891
1892 4471
1892 1901 1921 4467
1892 1896 1897 1905
1893 1985 4473
1893 4419
1893 1894 1895 1896
1894 1897 1898 1903 1905
1894 1940 1942 1965 4466
1895 4489
1895 1896 1897 1903
1896 1897 1937
1898 1899 4466
1898 1904 1906
1898 1899
1899 4467
1900 1903 1904
1900 1907
1900 1901 1926
1901 2017 2018
1901 1902 1908 1931
1902 1915 1935
1904
1905 1907
1906 4450
1906 1907
1908 1994 1997
1908 1909 1936
1909 1983 1984 1985
1909 1910 1911
1910 1935 1938 1944 1946
1910 1911
1911 1912 4468
1912 1916 1918 1921
1912 1913 1914 4469
1913 1914 1947 1949
1913 1924 4470
1913 1914 2530
1914 1917 1918 1919 2055
1915 1921 4469
1915 1916 1944 1945 1947
1916 2011 2012
1917 1918
1918 1919 1922
1919 1920
1920
1921 1922
1922 1923
1923 1960 4470
1924 4471
1925 1991 1992 1994
1925 1935 1940 1966 1967 1968 1969
1925 4468
1925 1927 1928
1926 1928 1951
1927 1928 1941
1928 1929 1930 1931
1929 1932 1933
1929 1933 1934
1929 1930 1936
1930 1936
1931 1976 1978 1980
1931 1932
1934 1948
1936 1938 1940
1938 1939
1939 1941
1940 1941
1942 1943
1943 1969 2056
1943
1944 1945
1945 1946
1946 1947 1967
1948 1949
1951 1956 1961 4472
1951 1952
1952 1967 1969 1987 1990
1952 1953 1954 1956 4452
1953 1954 1955 1958 4472
1953 1956 1970 1971 2127 2128
1955 1959
1956 1957
1957 1970 4443
1958 1959 1960 1961
1958 1963
1960 1962 1963
1961 1971 4427
1961 1962
1962 4455
1963 1964 4462
1964
1965 2155 2156
1967 1968 1969 1970 1971
1972 4446
1972 1973
1973 4445
1973 1993 1994
1973 1977
1974 1986
1974 1985 1986 1988
1974 1975 4473
1975 1997
1975 1976 1982 1983
1975 1980
1977 1978 1979 1980 1985
1977 1998 2001
1977 1978 1982 1983 1984
1979 4484
1980 1981
1981 1982 1983 1984
1981 1987 1990
1982 4474
1984 4474
1987 1988 4475
1988 1989
1989 1990 2085
1990 4424
1991 1996 1997
1991 1993 4478
1992
1992 2022
1992 4475
1993 2095 2096
1993 2502 2531 2536 4569
1995
1995 1996
1996 2059 2069 2076 2077 2079
1998 4476
1998 4492
1999 2002 2003 2007 2016 2017
1999 2003 2015
1999 2000
2000 2005 2042 4479
2001 2014 2015
2001 2003
2002 2895 2896 4634
2002 2381 2382
2003 4477
2004 2042 2045 4484
2004 2006 2010
2005 2018
2005 2006 2011 4476
2007 4480
2007 2009
2008 2009 2010
2010 4480
2012 4477
2013 4795
2013 2014
2015 2016 2017
2016 2017
2019 2020 2098 2099
2019 2020 2106 4491
2019 4481
2019 2020 2023
2020
2021 4448
2021 2022 2023 2025
2022 4454
2023 2024 2025 4482
2024 2100 2101 2104
2024 2112
2024 2025 4407
2025 4481
2026 4429
2026 2027
2027 2028 2061
2028 2029
2029 2031 2032 2033 4483
2029 2159
2030 2057 2058
2030 2034 2036
2030 2031
2031 2034 2035 2036
2031 2032 4413
2032 4417
2033 2114 2115
2033 2083 2084
2033 2034 2035 2036
2035 2082 2085
2035 2052 2053
2036 2037
2037 4415
2038 4432
2038 2039 2071 2072
2039 4067
2039 2040 2087
2040 2144
2040
2040 2041 2042
2041 2042
2043 2147 2148
2043 2046
2044 2120 2125
2044 2045 2048 2049
2045 2059 2067 2077 2078
2045 2046
2046 2101 2103 2107
2046 2047 2050
2047 2049
2048 2049 2052
2049 2050
2050
2050 2051 2052 2053 2054 2097
2051 2081
2052 2152 2153
2053 2054
2054 2055
2055 2057 2058
2056 2157 4498
2056 2057 2058
2057 2145 4496
2058 2114
2059 2075 2089 2092 4485
2060 2063 2082 4486
2060 4456
2061 2065 2066
2061 2102 2103
2061 2063
2062 2415 2416 2418
2062 2065 2076
2063 2096 2098 2100 2101
2064 2095 2096 4486
2064 2072 2075 2080
2064 2117 2118
2064 2066
2066
2067 2146 2147 2151
2067 2068
2068 2071 4487
2069 4487
2069 2070
2070 2149
2070 2075 2083
2071 2072 2073 2079 2148
2072
2073 2074 2083
2074 2075 2117
2077 4488
2078 2079
2079 2080
2080 4488
2081 2156 2159 4498 4499
2081 2084
2083 2092 2093
2084 2085 2127
2085 4489
2086 4482
2086 2090
2087 2088
2088 2089 2093 2126
2089 2092 3375 4708
2089 2090
2090 2091 2092 2095
2091 2093 2152
2093 2094
2094 2097
2097 2098
2099 2153
2100 2134 2135
2100
2101 2104 2105 2107 2114
2102 2109 2110 2140
2103 2111 2112 4499
2103 4490
2105 2112 2113 4490
2105 2109 2142 4491
2105 2106 2107 2113
2107 2109 2116
2108 2109
2110 2111
2113 2115 4492
2115 2116 2117
2115 2117
2118
2119 2122 2123
2119 2132 2133
2119 2120 2151
2120 2286
2121 2122 4792
2121 2135 2138
2121 2122 2124
2123 2353 2355 2359 2648
2123 2143
2124 2132 4493
2124 2125 2141
2125 2927 2928
2125 2137
2126 2136 2138
2126 2128 2131 2139
2127 2138 2147
2127 2128
2128 4493
2129 4460
2129
2129 2133
2130 2157 2158
2130 2131 2140
2131 2158 2159
2131 2133
2132 2134 4494
2133 2134 4494
2134 2154 2155
2136 2577 2578 4519
2136 4444
2137 2138
2139 4496
2139 2153 4497
2139 4495
2140 2142 2150
2141 4497
2141 2142
2142 2143 2144 2145
2143 2144 4495
2143 2144 2146
2148 2149
2150 4406
2150 2152
2151 2152
2154 2157 2158 2159 4458
2154 4457
2155
2155 4464
2156 2158 4453
2156 2157
2160
2160 2180 2181 4502
2160 3290 3291
2160 2161
2161 4500
2161
2161 2163 2165 2182
2162 2518 2519 4501
2162 2164
2163 2164 2165 2168
2164 2170 2172 4503
2164 2165 2166 2171
2165 2166
2166 2171 4502
2167 4018
2167
2167 2168 2170
2168
2168 2169
2169 4076
2169 2170 2171 2184
2171 2173 2177
2172 2183 4503
2172 2173 4501
2173 2178
2174 2177 2179
2174 2180 2181
2174 2176 2181 2182 2186 2382
2174 2175
2175 2178 2893 2894 2898
2175 2186 2187 4445
2175 2183 2245
2176 2182 2184
2176 2177
2177 4426
2178 2179
2179 2186
2184 2185
2185 2187
2187 2256 2257
2188 2194 4536
2188
2188 2189
2189 2190
2190 2191 2218 2226
2191 2378 2380
2191 2192 2291
2192 2193
2193 2328 4535
2193 2194
2194 2218 2367 4540
2194 2203 2629 3546 4536
2195 2543 4570
2195 2210
2196 2199 2200
2196 4537
2196 2197 2200
2197 4408
2197 2205 2206
2197 2198 2202
2198 2496 2499 2500 2514
2198 2200 2201
2199 2302 2303
2200 2201 2247
2201 2203 2204
2202 2203 2204
2203 2204 2209 2221 2223
2204 2314
2205 4527
2205 2696 2697 2709 2787 2816 2817 2825
2206 2207
2207 2300 2307 2309 2312
2207 2208
2208 2210 2438 4537
2209 2210 2585
2210 2231
2211 2216 2217 4539
2211 2215 4538
2211 2212 2213 2214 2294
2212 2213 2441
2213 2214 2559
2214 2454
2215 2227 2228 2232 2233 2253
2215 2216
2216 2240 2241
2216 2217 4540 4552
2217 2218 2219 4538
2218 2219 2220
2219
2220 2312
2220 2223
2221 2222
2222 2223 2232 2263 4522
2223 2474 2475
2224 2318
2224 2225 2229
2225 2430
2225 2226 2227 2228 2237
2226 2228 2242 4541
2226 2227 2319 2320
2228 2241
2229 2230 2242
2230 2232 2233
2230 2232 2243
2230 2231
2231 2233
2233 2238
2234 2448 2449
2234 2235 2237
2235 2238 2239
2235 2236
2236 4541
2237 2238 2269 2270 4544
2239 2240
2241 2277 4535
2242 2243
2244 2273 2274
2244 2278 4543
2244 2258 2259 2261
2244 2251
2245 2309 2310
2245 2268
2246 2247 2248 2321
2246 2259 2262 2272
2246 2263 4515
2248 2342 2400 4551
2248 2251 2254
2249 2250 2251 2253
2249 2252 2258 2260
2250 2254 2255 2257
2251 2252
2252 2253
2253 2256 2260
2254 4451
2255 2256
2256 2257 4533
2257 2260
2259 2261 2262 2269
2259 2265
2260 2261
2263 2283 2298 2299
2263 2264 2265 4542
2264 2266 4539
2265 2266
2266 2313 2316 2317
2266 2267 2268
2267 4446
2268 2269 4460
2269 2270 4562
2270 4542
2270 2271
2271 2277
2272 2274 4543
2273 2376 2394 2395 4555
2273 2285 2286 2288
2273 2441 2442 2443
2274 2275
2275 2276 2278
2276 2280 2281
2276 4081
2277 2278
2278 2279
2279 2280 2281
2281 2320
2281
2282 4024
2282 4544
2282 2459 4070
2282 2286 2289 2447
2283 2295 2296 2297 2469
2283 2284 2287 2301
2284 2285 2287 2397
2287 2288 2295 2297
2287 2288
2288 2299
2289 2293 2298
2290 2294 2296
2290 2291 4510
2290 2292
2291 2293 2294
2291 2292
2292 2296
2296 2894
2297 2445
2297 2298
2299 2306 2307
2300 2304 2305 2349
2300 2323 4548
2300 2303 2548
2301 2305
2301 4443
2301 2303
2302 2323 4547
2303 2308 4545 4546
2304 4548
2304 2321 4545
2306 2307 2374 2375
2306 2307
2308 2315 2316 2317
2308 2352 4553
2308 2309 2311
2309 2310 4531
2310 2311
2311 2312 2329 2336 2337
2313 2321 2322
2313 2455 2456
2314 2316 2321
2315 4447
2316 2317 2319
2317 2318 2320
2319 4546
2319 2320 4547
2322 2323
2324 2329 2337
2324 2333 4549
2324 2325 2327
2325 2326
2326 2327 4509
2327 4519
2328 2329 2330 2332 2336
2328 2331
2329 2334
2330 2361
2331 2344 2380 4552
2331 2332 2334
2332 2336 2337 2338 4450
2333 2380 2381
2333 2336 2337 4530
2333 2335
2334 2335 2435 2436
2335 2403 2404 2456
2335 4551
2338 2449
2338 2384 4556
2338 2339 4549
2339
2339 2431
2340 2413 2423 2424
2340 2574 2576
2340 2341
2341 2342 2343
2341 2343
2342 2428 2430
2343 2344 2346 4550
2343 2432
2344 4514
2344 2345 2347
2345 2371
2346 2628 4553
2347 4521
2347 2348 2352
2348 4532
2348 2351 2353
2349 2356 2357 2359
2349 2350
2350 3375 4713
2350 2351 2353
2351 2354
2352 2356 2358 2368
2354 2355 2357
2355 2358 2364
2357 2363
2357 2374 4554
2358 2359 2362
2359 2361
2360 4554
2360 2361 2364
2362 2372
2362 2363
2364 2447 2448 4563
2364 2365 2373
2365 4430
2365 2366 2367 2368 2369
2366 2367 2374
2367 2368 2369 2371
2368 2369 2370
2369 4557
2370 2371 2412 2428
2371 2372 2373 4026
2373 2374
2375 2542
2376 4411
2376 4508
2376 2379
2377 2385
2377 2379 2380 2442
2377 2378 4556
2382 2383
2383 2419 2458
2384 2385
2386 4428
2386 2450 2451
2386 2425 4557
2386 2387 2452
2387 2388
2388 2586 2587
2388 2419 2534
2389 2421
2389 2390
2390 2391
2391 2400 4558
2391 2402 2407 4558
2391 2398
2392
2392 2393 2395 2431
2393 2397 2407
2393 2398 2410 2419
2394 2395 2396 2398
2395 2400
2396 2397 2411
2398 2399 2418
2399 2406
2400 2401 2405
2401 4511
2401 2405
2401 2402 4559
2403 2405
2403 2404 2446 2447
2404 4559
2404 2405
2406 2417
2406 2409 2477
2407 2408 2409 2410
2408 2409 2422
2409 2411
2410 2411 2412
2411
2412 2414 2416
2413 2416 2417 2423
2413 2414 2420
2414 2424
2415 4561
2417 2420 2421
2418 4560
2419 2421 4561
2420 4560
2422 2423
2424 4516
2425 2426 4455
2425 2426 2451
2426
2426 2427 2428 2430
2427 2482
2428 2429 2430 2431
2429 4562
2431 2433 2565
2432 2434
2433 2434 2438
2434 2435 2436
2435 2436 2437 4507
2436 4529
2437 2438 2439
2437 2440
2439 2440 2482
2440
2441 2443 2446
2442 2443 2452 2453
2443 2444
2444 2445 2447 2448 2454
2445 2456
2448 4563
2450
2450 4534
2451 2452
2453 2455
2454 2455
2457 2490 2632
2457 2468 2560
2457 2492 2493 4458
2457 2474 2475 4512
2458 4797
2458 2459
2459 2460 2461 2464
2460 2917 2918 2919
2460 4399
2460 2466
2461 2463 2464
2461 4533
2461 2464 4564
2462 2467 2468 2469
2462 2466 2467 4520
2462 2466 4564
2462 2463
2463 2465
2464 2465 2471
2465 2468 3004
2469 2472
2470 2471 2473 2478 2479 4448
2470 2662 2828
2470 2473
2471 2472 2473 2476
2471
2473 2474 2476
2474 2475 2477
2475 4532
2476 2477 2478 4013
2477 4531
2478 4529
2478 2479 2481
2479
2479 2480 2483
2480 2481
2480 4506
2480 2481 2599
2481 2485
2482 2489 2490
2482 2484 2487 4420
2483 2485 2486
2483 2484
2484 2486 2491
2485 2489 4565
2486 2487 2493
2487 2488
2488 4565
2491 2492
2493 4566
2494 2496 2498 2499
2494 2497
2495 2497 2501
2495 2496 2497 2509
2495 2500
2497 2506 4567
2498 2504 2505
2498 2556 2575 2576 3041
2500 2501 2508
2501 2523 2524 4526
2501 2502 2511
2502 2508
2503 2535 4569
2503 2531 2537 2540
2503 2505
2504 2528 4523
2505 2509 2510
2505 2506
2506 2526 2528 2529 2579
2506 2507 2544 4402
2507 2570
2508 2509
2510 2511
2511 2512 2564 4528
2512 2527 4525
2513 4517
2513 4034
2513 2514 2517
2514 2515 2516
2515 2517
2516 4016
2516 4421
2516 2518 2520 4568
2517 2518 2519
2518 2519 2528
2519 2520 2525
2520 2521
2521 2522 2523 2537
2522 2540
2524 2525 2532
2525 2532
2526 2527 2533 2561
2527 2540 2541
2527 2529
2529 2541 2568
2530 4568
2530 2538
2532 2534 4444
2533
2533 2534
2534 2535
2536 2537
2537 2538
2538 2541 2550
2538 2539 2550
2539 4567
2542 2557 2569
2542 2543 2544
2543 2559 4570
2544 2556 2562 2564
2544 2545
2545 2546 2548 4453
2546 2554
2546 2553 2554 2555 4003
2546 2547 4454
2547 4534
2548 4571
2548 2549 2552 2569
2549 2551 4504
2550 2576
2550 2551
2551 4572
2551 2553 2554
2552 2557 2561
2552 2778 2782 2783 4401
2552 2553 2554
2553 2669 2834
2555 4571 4572
2556 2557
2557 2566 4418
2558 4530
2558 2559 2560
2559 2562
2560 2968 2984 2985
2560 2561
2563 2564 2565 2569
2563 4518
2563 2566 2568
2564 4452
2565 2566
2567 2569 2572 2574
2567 2570 2573
2568 4524
2568 2572
2570 2571
2571 2572
2572 2574
2573 4513 4573
2575 4573
2577 2635
2577 4528
2577 2578 2579 4574
2578 2724 2816 4574
2578 2580
2579 2580 2581 2582
2579 2581 2655
2581 2697
2582 2583 2584 2590 2630
2583 2626 4412
2584 2585 2586
2584 2609 2610 2615 2616
2584 2586
2585
2587 4575
2587 2588 2591
2588 2589 2618
2589 2620
2590 4507
2590 2741 2816 2818 2825
2590 2592 2720
2591 2592 2593
2592 2594
2593 2801 2817 4594
2593 2594
2594 2595 2596 2598
2594 2596 4403
2595 2630
2595 2733 2833 2834
2596 2597
2597 2600
2598 2719 2720 2772
2598 2600 2694
2599 2600 2601
2599 2601
2600 4512
2601 2612
2602 2625
2602 2690 2691 2778
2602 2603
2603 2604 4527
2604 2615 2746
2605 2619 2626
2605 4506 4576 4577
2606 2607 2608
2606 2820 4585
2606 2735 2736 2826
2606 2609 2611
2607 2623 4576
2608 2621 2622
2608 2610 2611
2609 2620 2624 2625
2610 2611 2613 2781
2611 4409
2612 4509
2612 2613
2613 2614 2616 2622
2614 2623
2615 2622 2623 2625
2615 2616 2619
2616 2617 2618
2617 2618
2618 2619 4575
2619 4577
2620 2624 2766 2835 4600
2620 2621 2727
2621 2709 2711 2821
2623 2625
2626 2708 2793 2794
2626 4524 4578
2627 2632 2633
2627 2629
2628 2630 2633
2629 2630 2729
2631 2632
2631 2863 4661
2631 4449
2631 2632 2831
2633 2634 2735
2634 2635
2636 2724 4579
2636 2637 2638 2731
2637 2638 2659 4598
2637 2638 2721 2722 2817 4586
2637 2639 2643
2638 2639
2639 2640
2640 2641
2641 2694 2695 2702 2712
2641 2673 2776
2642 2650 4581
2642 2671 2672
2642 2650
2643 2741 2742
2643 2644 2670
2644 2821 2822 2826 4508
2644 2645 2654
2645 2653
2646 4580
2646 4525
2646 2647
2647 2648 2663
2648 2650 2719 4580
2649 2652 2653 4582
2649 2694 2699
2649 2813 2814 4595
2649 4581
2650 2651
2651 2657
2652 2654 2655 2686 4582
2652 2654 2720 2722
2653 2829 4513
2654 2655
2655 2656
2656 2657 2673
2657 2705 2706
2657 4596
2658 2659 2660
2658 2660 2662 2804 2805
2658 2661 2662 2665 2683
2658 2661 2683
2659 4516
2660 2732 2733
2661 2663
2662 2744 2745 2757
2663 2665 2666
2663 2664 2666
2664 2802
2666 2667 2673
2667 2674
2668 2674 2683 2685
2668 2693
2668 2669 2670
2669 2680 2681 2693
2670 2676 2684 2685
2670 4523 4583
2671 2678 2679 2684
2671 2686 4583
2672 2757
2673 2674 2675 2679
2674 2675 2678
2675 2765 2767 2784 2807
2675 2676 2677
2676 2679
2677 2678 2689 2711
2679 2680
2681 2682 2685 2766 4510
2682 2686 2766
2685 2687 2688
2686 2687 2751
2687 2688 2690
2688 2689
2689 2691
2691 2692 2700
2692 2693 4555
2694 2736 2737
2695 2716 2717 4521
2695 2705
2696 4515
2697 2699 4584
2697 2698
2698 2699 2701
2700 2701 2706
2701 2703 2706
2702 2743 2747 2752
2702 2704
2703 2704 4584
2704 2705
2705 2774 4459
2706 2707 4456
2707 2717 2782 2783 2806
2707 2708
2708 4500 4585
2710 2713 2714 2715
2710 2712
2711 2728
2711 2712 2713
2712 2714
2714 2715 2733 4588
2714 2715 2716
2715 2723
2718 2836
2718 2719
2720 2721
2721 2722 2723
2722 2723 2724
2723 2797
2724 2725
2725 2726
2726 2727 2802 4587
2727 2728 2742 2744 2746
2727 2728 2730
2729 2730 2744 2749
2730 2733 2745 2746
2731 2732
2734 2740 2741
2734 2735 2769
2735 4588
2737 2738 2744 2751
2738 2739
2740 2763 2764
2743 2753 2754 2762 2813
2743 4589
2745 2752 2763 4589
2745 2751 2767 2796
2746 2749
2747 2759 2760 2761
2747 2748 2760
2748 2753 2754
2748 4590
2749 2751 2752 2753 2756 2764
2749 2750
2750 2780 2790 2791 2792
2750 2755 4518
2753 2754 2761 2762
2754 2755
2755 4590
2755 4410
2756 2764
2756 2757 2758
2757 2761
2758 2759
2760 4073
2765 4578
2766 2768
2767 2769
2768 2769 2777
2769 2770 2772
2770 2771
2771 2781 2793 4505
2772 2773
2773 2774 2775
2774 2782 2783 2790 2791 4591
2775 2776
2776 2783 2785 2790 2792 2793
2776 2793 2794 4400
2777 2778 2809
2779 4520
2779 4522
2779 2784
2780 2787 2788
2780 2792
2780 2785
2781 2788
2781 2782 2789 2795 4457
2784 2785 2786
2785
2789 2791
2791 2792 4586
2794 2795 4517
2795 4550
2796 2800 4592
2796 2797 2804 2805
2797 2799 2805 2809
2797 2807
2798 2809 4593
2798 2812 2814 4579
2798 2799
2799 2800 2803
2800 2803 4514
2800 2801
2801 2813
2802 4587
2802 2803 2804
2804 2805
2806 2807 2812
2807 2808 2814 4592
2808 2810 4593
2808 4595
2808 2810
2810 2811 2812
2811 4591
2811 2813 4594
2814 2815 4511
2815 4596
2815 4006
2816 2820 4504
2817 2818 2819
2818 3043 4566
2818 2821 4597
2819 4597
2819 2821
2820 2822
2822 2823 2828 2831
2823 2824 2827 2834
2824 2825 2835
2825 2826 2827
2826 2828
2827 2828 2832
2829 2830
2830 4526
2830 2831 2832
2831 2835 4598
2832 2833
2834 4600
2835 2836 4599
2836 4599
2837 2846 4621
2837 2839 2848 2849
2837 3389 3453 3454 3455 3511
2837 2839
2838 2839 2840 2841
2838 2839 3104 3105 3270
2838 2840 2873
2838 2840 2844 4421
2840 2845
2841 2843 2844
2841 2842 2846 2867
2842 2992 3009
2842 2844 2845 2915
2842 2845 2907 4621
2843 2879 4620
2845 2876 4622
2846 2849 2962
2847 3518 4660
2847 4622
2847 2848
2849 2875
2850 2855 2857 2902
2850 2855 4623
2850 2982 2983
2850 2851
2851 2854 2856 4623
2851 2852 2858 2909
2852 2858 4624
2852 2862
2852 4629
2853 2862 2879 4624
2853 3029 3031 3034 3039
2853 2881 2883 2915
2853 2854 2857 4416
2854 2868 4625
2854 4606
2856 2857 2986 2987
2857 2858 2870
2859 3222 3223
2859 2966 2967
2859 2860
2860 2862
2861 2958
2861 2957 2958
2861 2862
2863 2991 2995 4644
2863 2941
2863 2870 4796
2864 2868 2869 2871
2864 3042 3044 3048 3069
2864 2961 4642
2864 2865 2869
2865 2866
2866 4649 4650
2866 4639
2866 2867 2871 2916
2867 4625
2869 2870 2960
2870 4626 4627
2871 2872 2873
2872 2873 4627
2872 2896 2897
2872 2873 2874
2874 4628
2875 4631
2875 4628
2875 2876 2877
2876 2877 2879
2877 4629 4632
2877 2878 2881
2878 2885
2879 2880
2880 2881
2881 2890 4630
2882 2886
2882 2883
2883 4603 4631
2884 2997 2999 4646
2884 4626
2884 2885 2887 2890
2885 2890 2893 2894
2885 2886
2887 2888 2892
2888 2889
2889 2895
2891 2894 4632
2891 2892 2896
2893 4634
2895 4633
2897 4633
2898 2909 2988
2898 2899
2899 2909 2910 3085
2899 2908 3186
2899 2910 4610 4635
2900 2910 2912
2900 4635
2900 2901 2906
2901 2904 4611
2902 2903 2907
2903 4029
2903 2905
2904 2912
2904 2909 2911 2912
2904 2906
2905 2906 2907 2911
2906 4605
2907 2908 2911
2913 3064 3065
2913 2914
2914 2994 3006
2914 2916
2915 2916 3006
2916 3071
2917 2925 4614
2918 2925 2926 3003
2918 2919 2920 3508
2918 2926 2936 2963 4636
2919 3008 3009 3011
2920 2999 4647
2920 2921
2921 2922 2924
2922 3036 3037 3039 3073
2922 4607
2922 2923 2925
2923 2999
2924 2927 2928 4637
2925 2926 4637
2926 2927
2927 4602
2928 2972 2973
2929 2936 2940 4641
2929 3096 3102
2929 2930 2931 2993 4639
2930 2931 2932 4640
2930 2935 2939
2930 2932 2942
2931 2952 4638
2932 2945
2933 4640
2933 2934
2934 2936 2938
2935 2937 2938
2935 2990 4644
2935 2936
2937 4609
2937 4641
2937 2995 3003 3004
2938 2939 2952 2954
2938 2939 2954 2955
2939 3177 4636
2940 2941 2953 2955
2940 2941 4642
2942 3485 3486 3610 4730
2942 2943 2946 2948
2943 2944 2946
2944 3133
2944 2945
2945 2946 4638
2946 2947 4428
2947 2948 4613
2948 2950 4616
2949 2983
2949 2951
2950 3289 3294
2950 2951 2954
2951 2953
2952 2989 2999 3000
2953 2954 2955
2955 2956 2957
2956 4658
2959 2960 2982
2960
2960 2964
2961 4420
2961 2963
2962 2963
2963 2966 2967 2969
2964 4400
2964 2966
2965 4608
2965 2966
2967 2984
2968 2979 4619
2968 2969 3001
2969 2970 2971
2970 2979
2971 3066 3067
2971 2972 2975
2972 2973 2974 3054 3059 3060
2972 2973 2974 2977 2978
2973 2974 2975
2974 2977
2975 2976
2976 2977 2980 2981
2977 2978 2979
2978 2983
2979 2980 2981
2980 2981 2982
2981 2985 4794
2985 2986 4630
2986 3141 3234 3235 3236 3244
2987 2988 3381 3392 3410
2987 2988 4422
2989
2989 4618
2989 2991 4643
2990 3002 3216 3217
2991 4643
2991 2992
2993 2995
2994 2995 2996 2998
2994 2998 4646
2994 2996 4411
2996 2997
2997 3001 3002
2997 4645
3000 3001 3003
3004 3006 4647
3005 4650
3005 3006 3007 3762
3007 4651
3008 4404
3008 4410
3009 3010
3010 4648 4651
3010
3011 4652
3012 3033 3038 3039
3012 3013 3016
3013 3014
3014 3037
3014 3026 3027
3014 3015 3030 3032
3015 4654
3015 4654
3016 3034 3035
3016 3018
3017 3019 3021 4655
3017 3018
3018 4617
3018 3019 3028
3019 3129 3130
3019 3061
3020 3022 3023
3020 4657
3020 3339 3348
3020 4656
3021 3058
3021 3022 3024 3027
3022 3112 3113 3126
3022 4601
3023 3340 3364 3365
3023 3024 4655
3024 3038 4656
3024 3025 3026
3025 3028
3027
3028 3571 3572
3028 4657
3029 3032 3034
3030 3035 3069 3071
3030 3031 3032
3031 3033
3033 3034
3035
3036 3068 3069
3037 3042 4653
3037 4658
3039 3070
3040 3041 3043 3047 3067
3040 4604
3040 3042 3049 3056
3041 4615
3043 3045
3044 3045 3046 3066
3045 3050 3051
3046 3047 3049 3052
3047 3048
3048 3081 3082 3436
3048 3053
3049 3050
3050 3056
3051
3051 3052 3061
3052 3055 3056 3058
3052 3054 3058
3053 3054
3054 3057 4659
3055
3055 3290 3291 4659
3056 3059
3057 3058
3059 4403
3061 3062 3064 3065
3062 3063
3063 3064 3065
3065 3067
3066 3487 3491 3514
3067 4019 4660
3068 3385 4710
3070 3071
3071 3087 4661
3072
3072 4431
3072 3391 3392 4706
3072 3073 3075 3085
3073 4612
3073 3080
3074 3081 4662
3074 3393 3450 3451 3456
3074 3402 4714
3074 3075 3078 3088
3075 3662 3684 3685
3075 3079 4662
3076 3078 3079 3080
3076 3077
3077 4412
3077 3080 3086
3078 3082 3083
3080 3081
3082 3083
3083 3084 3087
3084 4620
3085 3086
3086 3088
3087 3088 4426 4653
3088 3089 4406
3089 4022
3090 3409 3498 4721
3090 4405
3090 3091
3091 3092 3180
3092 3093 3094 3095
3093 3435 3442 4705
3093 3094 3097
3094 3113
3095 3096 3105 3134
3096 3173 3174 3178
3097 3225 3257 3258
3097 3100 3102
3098 3099 3283 3285
3098 3103
3098 3099 4673
3099 3102 3103
3099 3100 4665
3100 4682
3101 3174 3178
3101 3102
3103 3196
3104 3139 3154 3297 4681
3104 3289 3291 3309
3104 4676
3105 3106
3106 3107 3204 3206
3107 4664
3107 3108
3108 3109 3134 3607
3109 3110 3111
3109 4676 4677
3110 4677
3111 3112 3113
3112 3160 3161 3162 3170 3182
3112 3114 3243
3113 3114 3116 3159
3114 3116 3125 3191 3517
3115 3117
3115 4671
3115 3177 3178
3115 3116 3121
3116 3118
3117 3118
3118 3119
3119 3190 4685
3119 3178 3179 3186
3119 3120
3120 4669
3120 3121 3122 3686
3121 3123
3122 3128 3129
3122 3123
3123 3129 3200
3124 3125 3126 3131
3124 3126 3127
3125 3167 3183 3191 3193
3125
3126 3128
3127 3128 3131 3230 3231 3235
3130 3326 3366 3367 3373
3130 3132
3131 3133
3132 3133 3142 3152 3194
3134 3189
3134 3135 3157
3135 3223 3224
3135 3253 3258
3135 4678 4679
3136 4678
3137 3138 4679
3137 3199 3200
3137 4680
3138 3165 3183 3193 3197
3138 3139 3145
3139 3154 3155
3139 3152 3156
3140 3195 3196 3198 4672
3140 4680
3140 3141 3145
3141 3149 3233 3236 3237 3246
3141 3143
3142 3144 3145
3143 3144
3144 3150 3189
3145 3146
3146 3226 3227
3146 3147
3147 3578
3147 3180 3279 3280 3284
3147 3148 3150 3156 3157
3148 3149 3156
3149 4681
3150 3151 3154
3151 3153
3152 3153
3153 4667
3154 3259 3264 3265 4615
3156 3157
3157 4675
3158 4754
3158 4682
3158 4415
3158 3160 3192
3159 3184
3159 3162 3163 3174 4683
3160 3161 3164 3340 3350 3363
3160 4683
3161 3162 3163 3167
3161 3164 3169
3163 3164
3164 3165
3165 3181
3165 3166 3171
3166 3173
3167 3168 3169
3168 3169 3171
3168 3171
3170 3172
3171 3172
3172 3173 3176 3194
3175
3175 3176 3181
3176 3177
3179 3629
3180 3183 3186
3180 4684
3181 3182
3182 3192 4684
3182 3185
3183 3192 4009
3184 3185 4685
3184 3185 3188
3185 3187 3191
3186 3188 3190
3187 3188 3190
3188 3189
3191 3192 3193
3194 3198 3199
3195 3200
3197 3198 3200
3198 4608
3201
3201 4423
3201 3202 3204 3208
3202 3212 4688
3202 3203
3203 3205
3204 3207 3488 3492 3589 4744
3204 3205 3210
3205 3206 3211
3206 3207
3207 3229 3242 4690
3207 3208 3211 3218
3208 3209 3210
3209 3271 3273
3210 3215 3217
3211 3213 3218 3219 3268 3269
3211 3212 3271 3274
3212 3274 3282
3212 3213 3214
3213 3214 3231
3214 3215 3245
3215 3216 3219
3216 3217 3221
3217 3245
3219 3220
3220 4686
3221 3224 3273 3274 3281
3221 3517 3520 3670 4721
3221 3222 3223 3249
3222 3227 3265 4690
3222 3262 3263
3223 3224 3280
3224 4670
3225 3226 3252 3282
3227 3242 3275 4689
3227 3241
3228 3230 3590 3672 4745
3228 3236 3237 3275 3277 3278 3282
3228 4605
3228 3229 3235
3229 3232 4687 4688
3229 3230
3230 3231 3234
3231 3232
3232 3233 3234
3233 3235
3236 3237 3240
3237 3238
3238 3239
3239 3240
3240 3241 4689
3242 4666
3242 3243 3244
3244 3247 3249
3245 3246
3246 3249 3251
3246 3247 3251
3247 3275 3279
3247 3248 3257
3248 3250
3250 3251 3262
3251 4607
3252 3259 3260 3261
3252 3255 3256 3264
3253 3254 3255
3253 3255
3254 3256 3258 3264
3255 3263 4691
3257 3260 4691
3259 3262 3279
3260 3337 3338 3371
3261 3262
3263 3265 3266
3265 3266
3266 3267 4609
3267
3268 4674
3268 3393 3397 3458
3268 3269 3276
3269 3278
3270 3396 3397 3422
3270 3276
3271 3272 3275 3276 3279
3271 3272 3286
3272 3273 3277
3278 3280
3281 3284 3285
3281 3283
3282 3284 3285 3286
3285 3286
3286 3287 4419
3287 4668
3288 3304 3310 3311 3318 4695
3288 3303 3596
3289 3292 3311 3525
3290 4441
3290 4036
3291 3384 3385 3419
3292 4613
3292 3404 4703
3293 3296
3293 3299 3300
3293 3294
3294 3301
3295 3298 3299
3295 3296 3299
3297
3297 4694
3297 3300
3298 3304 3307 3308
3299 3304 3308 4698
3300 3302
3301 4407
3301 3302
3302 4668
3302 3303 3310
3303 3304 3306
3303 3308
3305 4697
3305 4603
3305 3306 3307
3306 3308
3306 3309
3309 3311 4698
3310 4673
3311 4664
3312 3317 4699
3312 3353 3366 3593
3312 3313 3314
3313 3349 3417 3452 4715
3313 3368 3370 4417
3313 3314 3315 3325
3314 3315 3316
3314 3317 3319
3315 3360 4667
3316 3365
3316 4699
3317 3370 4692
3317 3318 3319
3318 3319
3319 3320 3342
3320 3321
3321 3345 4402
3321 3322 3326
3322 4700
3322 3323
3323 3327 3332 3334
3324 3331 3332 3333 3365
3324 3338 4700
3325 3339 3356 3394 3396 3421
3325 3366 4672
3325 3326 3328
3326 3327
3327 3328 3330
3328 3329 3333
3329 3333
3330 3331
3332 3335 3346 3686
3333 3339
3334 3335 3336
3334 3336
3336 3350 3355 3466
3336 3337 3371 4795
3338 3340 3342
3338 3339 3341 3343
3340 3363 4611
3341 3345 3347 3385 4711
3342 3343
3343 3344 4408
3344 3372 3473 3493 4702
3344 4696
3345
3345 3346 3347 3352
3346 3347 3356
3347 3361
3348 3354 3355
3348 3356
3349 4610
3349 3351 3354
3350 3351
3351 3353 3357
3352 3353 3358
3354 3355 3358 3359
3355 3359
3356 3357 3372 4693
3357 3360
3360 3361 3371 3695
3361 3372 3373 4702
3361 4612
3362 3377 4704
3362 3363 3364 3368
3363 4701
3364 3369 3370
3364 3368 3369
3367 3370 4701
3369 3475 3476 3481 3555 4727
3371 3372 3373
3373 4425
3374 3386 3387 3395
3374 3381 3387 3413
3375 3376 3379 3380 3383
3376 3390 3391
3376 3377
3377 3391 3392 3405
3377 3378 4716
3378 3379 3382
3379 3382 4716
3379 3380 3389
3380 3389
3381 3387 3388 3393
3381 3382 3414
3382 3625 3626 4399
3383 4712
3383 4693
3383 3384 3390
3385 3386
3388 3390
3389 3392
3393 3413 3414
3394 4717
3395 3451 3456 3457
3395 3396 4717
3397
3398 3403 4718
3398 3414 3415
3398 3404 3405
3398 3399
3399 3405
3400 3407 4720
3400 3494 3557 4671
3400 3401 3417
3401 4718 4719
3402 3405 4720
3402 3403 3408 3685 4694 4715
3403 3407
3403 3409 3411
3406 3413 4719
3408 3696 3697
3408 3409
3409 3410 4709
3410 4707
3411 3412
3412 3416 3417
3415 3416
3416 3418
3417 3418 3678 4429
3418 3661 4674
3418 4705
3419 3584 3588 4722
3419 3420
3420 3471 3476 3480 4728
3420 3421
3421 3422 3423 3436 3437
3422 3424 3428 3429 3430 3667
3422 3469 3476
3423 3435 3436
3423 4696
3423 3424 3428
3424 3425
3425 3436 3437
3425 3426 3429
3426 3462 3641 3642 3644 3675 3676
3426 3427
3427 3429 4722
3427 3468 3471 3477
3427 3441
3430 3440 3443
3430 3431 3432 3676
3431 3445
3432 4723
3432 3690 3691 3692
3432 3434
3433 3445 4724
3433 3490 3492
3433 3434 3678
3434 3448 3449
3434 4740
3437 3447
3437 3438 3439
3438 3443 3576 3671 4741
3438 3440 4734
3438 3441 3562 3563 3567
3439 3440 3441 3444
3439 3441 3484 3485 3535
3439 3442
3440 3442 3443 3448
3443 3444
3444 3445
3446 3470 3489 3490 3491 3521
3446 4724
3446 3447 3448 3449
3448 3561
3449 4666
3450 3452 3453 3454 3455
3450 3468 3488 3493 3494
3450 3456 3457 4670
3451 4418
3451 3453 3454
3452 4413
3454 3455 3463 3469 4728
3455 3457
3457 3480
3458 3464 3465
3458 3467
3458 3460 3465 3679 4711
3459 3465 4744
3459 3642 3648 4601
3459 3461
3460 3461
3461 3466 3467
3461 3513 4663
3462 3490 3491 3492
3462 3463
3463 3464 3467 3563 4697
3468 3470 3473
3469 3470 3473 4726
3469 3478 3503 4725
3471 4725
3471 3472
3472 3489 4616
3472 3474 4727
3472 3474
3473 3475
3474 3488 4707
3474 3475 4726
3475 3487 4074
3476 3477 3478
3477 3478 3479
3478 3479 3484
3479 4424
3479 3481
3480 4730
3480 3481
3481 3482 3483
3482 4729
3483 3484
3485 4729
3486 3487 3672 4604
3488 3489
3492 3494
3495 3510 3512 3653
3495 3496 3522 3592
3496 3556 3575 3650 3657
3496 3555 3596
3496 3570 4731
3497 3526 4737
3497 3522
3498 3580 3582 3585 3588
3498 3499 3501
3499 4427
3499 3500 3503
3500 3504
3500 3506
3501 3507 4732
3501 3586 3587 3598 4742
3501 3502 3505 3508
3502 4663
3502 3508 3510 3513 4732
3502 3503 3504 3505 3507 3579
3503 3504 3511 3516
3505 3506 3511 3512 3591
3506 3509
3507 3509 3510
3509 3587 3588
3509 3510 3516
3511 3512 3517 3544 3545 4712
3512 3516
3513 4733
3514 3515
3515 3559 3560
3515 3586 4733
3515
3516 3615 4734
3517 3524 3554 4736
3518 3519 3616
3519 3520
3520 3523 3619
3521 3522 3523
3522 3652 3657 3658
3523 3589 4735
3524 3597 3607 4735
3525 4695
3525 3526 3542
3526 3553
3526 3527 3528 3535
3527 3535
3528 3530 3542 3543
3528 3543
3528 4738
3529 3530 3532
3529 3532
3530 4731
3531 3532 3533
3531 3533
3533 3542 4738
3533 3534 3536 3538 3549
3534 3537 3554
3535 3537 3539 3541
3536 3537 3538 3594 3595
3536 3538 3539
3538 3543
3539 3540 3630
3540 3541
3541 3565
3544 3554 3555
3544 3546 3552 3553
3545 3546 3547
3546 3547 3548
3547 3553
3548 3568 3569
3548 3549
3549 3550 3628
3550 3655 3660 3661
3550 4703
3551 4401
3551 3552
3552 3553 3611
3556 3677 4710
3556 3561 4739
3557 3558 3579
3558 4739
3558 3560 4750
3559 3579 4741
3560 3561
3562 3563 3566 3567
3563 3564
3564 3565 3568
3565 3568 3569 3573 3577 4740
3565 3566
3566 3567 3569 3570 3577 3578
3567 3568 3575
3569 3576
3570 3633 3634 3635 3638
3570 3571
3572 4713
3573 3574 3581 3584
3574 3575
3576 3577 4617
3577 3578 3579
3580 3584 4743
3580 4675
3580 4709
3581 4742
3581 3682 3683 4708
3581 3582
3582 3586 3587 3589
3583 4745
3583 4692
3583 3585
3584 3585
3585 3586 3587
3588 4743
3589 3590
3591 3595 3596 4747
3591 3592 3598
3592 3684 3685 3691
3592 3593 3594
3593 3627
3594 3620 3621
3594 3595 3609
3595 3640 3648
3596 3599
3597 3600 3603
3598 3600 3601 3602 3604
3598 3599
3599 3607
3600 3604 3605 4665
3601 3603 3605 3620
3601 3602 3606 3637
3602 3605 3606 3609
3602 3618
3603 3608 3617 3618
3603 3607 3608
3604 3605 3608
3606 3639
3609 3610
3610 3611
3611 3612 3638
3612 3613 3651
3613 3614 4746
3614 3651
3615 3633 4749
3616 3623 3625 4748
3616 3617
3617 3621 4749
3617 3622
3618 3619 3639 3645
3619 3620
3621 3623
3622 3623 3639 3646 3647
3623 3624 3625
3624 4748
3625 3626 3627 3653
3626 3627 4706
3627 3628 3633 3634 3636
3628 3654
3629 4750
3629 3630 3634 3635
3630 4736
3630 3631
3631 3632
3632 3633
3634 3636 4432
3635 3636
3636 3674 4618
3637 3638 3642 3646
3638 3650
3639 3640
3640 3641 3643
3641 3646 3647 4602 4751
3641 3642
3643 3644
3644 3648
3645 3646
3647 3649
3648 3649 4793
3649 3674 4723
3650 3651 3660
3651 3652 3659
3652 3653 3659
3653 3654
3654 3657
3655 3656 3661 4614
3656 4619
3657 3658 3660
3658 3659
3659 3660 3661
3662
3663 3689 4753
3663 3664 3666
3664 4752
3664 3667 3668
3664 3665 3669
3665 4758
3665 3666 3671
3666 3668 3669 3670
3667 4409
3668 3669 3670
3669 4752
3670 3671 3695 3696
3671 3672 3675 4753
3672 3673
3673 3684 4754
3674 3677 3690
3676 3693 4751
3676 3677 4704
3678 3679 3689 4414
3679 3686 3687
3679 3680 3688
3680 3682 4756
3680 3681 4755
3681 3693
3683 3687
3683 3691 4757
3684 4757
3685 3686
3688 3689
3689 3690
3691 3692 3693 4669 4737
3692 3693 3694 4606
3692 3694
3694 3695
3695 3696 4430
3697 4714 4758
3698
3698
3698 3699
3699 3700 4030
3699 3701
3701 3702
3702
3702 3788
3703 3776 3824 4766
3703
3703 3704
3704 3736 4759
3705 3770 3771 3773
3705 3752
3705 3731 3733
3705 3706
3706 3707 3709
3707 3708 3733
3707 3717 4760
3707 3708 3787
3708 3719
3709
3709 3710 3715
3710 3711 3712 3725
3711 3811 3812
3711 3712 3721
3712 3715
3713 3770 3772 3808
3713 3714 3716 3717
3714
3714 3774
3715 3819
3715 3716 3718
3716 3717
3717 3718 3728
3718 3776
3718 4784
3719
3719 3723
3720 3863 3864 3872
3720 3721
3721 3787
3721 3722 3986
3722 3724
3723 3981 3982
3723 3724 3728 3963 3964
3724 3725
3725 3726
3726 4023 4761 4785
3727 3732 3733 3750
3727 3753 3756
3727 3730 4760
3728 3729
3729 4762
3729 4762 4763
3730 3731 3759
3732 4763
3733 3772 3773
3734
3734 3757 3758
3734 3735
3735 3737 3746
3736 3737
3737 3738 3739
3738 3854 3856 3880 3884 3885 3891
3738 4761
3738 3745 3746
3739 3740 3742 3751 3752
3740 4765
3740 3741 3742 3771 3899
3741 3747 3768 3778
3742 3745 3746 3747 3754 3755
3742 3743
3743 3744 3745 3748 3833 3951 3952
3744 3748 3762 3764 4080
3745 3747 3749
3747 3748
3748 3973
3749 3751 3753
3750 3977 3978 3980 4792
3750 3769 3770 3790 4764
3750 3751
3751 3752 3753
3754 3755 3779 3785
3755 3756 4766
3756 3812
3757
3758 4764
3758 3759 3760 3765
3759 3833
3760 3761
3761 3763
3762 3763 3767
3763 3764 3766
3764 3765
3765 3766
3766 3768
3767 3769
3768 3769 3803
3770 3894 3895 3901
3771
3771 3784 3786 3788
3772 3857 3858 3860 3870 3983
3772 3805 3806
3773 4765
3774 3892
3774 3776 3790
3775 3810 4759
3775 3776
3777 3785 3786 3949
3777 3780 3784 4767
3778
3778 3779
3779 3780 3781 3783
3780 4012
3780 3781 3782
3781 4767
3781 3782 3787
3782 3783
3783 3784
3786 3787
3788 3789 3791 3799
3789 3791 3797
3790 3792 3794
3790 3793
3791
3791 3794 3795 3801 3802
3792 3802
3792 3856 3898
3793 3794 3795 3811
3794 3795 3798
3795 3796 3797
3796 3830
3797 3800
3798 3800
3799 3800 3801 3802
3800 3981
3801 4084
3801 3802
3803 3804 3805 3806 3817
3803
3803 3805 3809
3804 3908 3927 3928
3805 3808 3809
3806 3807
3807 3808 4768
3807 3809
3808
3809 3810 3813 4768
3810 3812 4085
3810 3814
3811 3813 3814
3811 3814 3815 3981 3982
3812 3815 3817
3815 3816
3816 3837
3817 3818 3819
3818 3819 3993 3995 3999
3818 3819
3820 4796
3820 3955 4786
3820 3925 3947 4785
3821 4031
3821 3824 3825 3918
3822
3822 4075
3822 3823 3824 3827
3823 3827 3828
3823 3828 4769
3823 3825 3826
3824 3825 3827 3857 3858
3825 3883 3887
3826 3828 3845 3846
3828 3876 4769
3829 3833 3835
3829 3835 4770
3830 3851 3853
3830 3832
3831 4770
3831 3832 3838
3832 3833
3834
3834 3835 3867
3835
3836 3850 3851 3852
3836 3838 3839
3836 3837
3837 3946 3962
3837 4771
3839 3840
3840 4771
3840 3841 3842 3845
3841
3841 3842 4772
3842 3852 4772
3842 3843 3854
3843 4794
3843 3844 3849
3844 4773
3845 3846
3846 4773
3846 3975 4072
3847 3849
3847 3848 4035
3847 3848 4069
3847 3848
3848 3849
3849 3850 3852 3857 3858
3852 3853
3853 3885
3854 3859 3860
3854 3855 3860 3939 4077
3855 3856
3856 3857 3881 3966
3858 3871 3993 3994 4774
3859 4774
3859 3896 3897 3900 3992 3994 3997
3860 3862 4087
3861 3865 4775
3861 3865 3866
3861 3865 3866 3881 3893
3861 3863 4775
3862 3863
3863 3897 3900
3864 3866
3866 4002
3867 3886 3890 3891 3892
3867 3868 3872
3868 3894 3899 3900 3901
3868 3869
3869 3870 3871
3870 3885 3886 3888
3870 3881
3871 3872 3880
3872 3876
3873 3874 3877 4776
3873 3876 3877
3874 3877 3878
3874 3875 3879
3875 3893 4776
3876 3877
3878 3879
3879
3880 3895 3902 4779
3880 3881
3882 4777
3882 3883 3884 3888
3883 3884
3887 3888
3888 3889 3890
3889 3890 3893 3894
3891 3892 4780
3893 4777
3895 3901 3902 4778
3895 3896
3897 3898
3899 4778
3902 4779
3903
3903 3904 3905 3906
3904 3907 4780
3904 3920
3905 3907
3905 4781
3906 3907 3913 3929
3907 3923 3924
3908 3922 3923
3908 3924
3908 4782
3909 3915 4782
3909 3910
3910 3911 3913 3932
3911
3911 3912 3913
3912 3913 3914 3934 3971
3912 3914 3925 3926 3931
3912 3914 3927
3914 3929
3915 3916 3918
3916 3948 3949
3916
3916 3925
3917 3919 3920 3921
3917 3920
3918 3926 3930
3920 3921 3923 3931 3949
3921 3922
3925
3927 3929 3930 3931
3927 3932
3928 3930
3930 4783
3931 3932
3933
3933 3953 3958 3959
3933 3937
3934 3935 3959
3935 3953 3959 3960 3961 3990 3991 3995
3935 3936
3936 3937 3938
3937 3938
3937 3938 3941 3942
3938 3943
3939 4784
3939 3940 3944 3946
3940 3941 3942 3945 3946
3940 3942 3944 3945
3942 3943
3943 3944
3944 3945 4071
3945 3946
3947
3947 3948 3965 3967
3949 3950
3950 3955
3951 3952 3957 4083
3951 3952 3959
3952 3953 3954
3953 4786
3954 3956 3960 4787
3954 3956 3957
3955 3956 3961
3956 3957 4787
3957 3958
3960 3961
3961 3962 3965 3966
3962 3963
3963 3964 3965 3967
3964 3965 3966
3964
3966 3967
3967
3968 3969 3970 3973
3969 3973 4789
3969 3975
3970 3971
3971 3977 3978
3972 3974 3975
3972 3975 3977
3972 3973 3974
3972 3976
3976 3977 3978
3978 3980
3979 4788
3979 3980
3980 3981 3989
3982 3987
3983 3984
3984 3988 3989 4788
3985
3985 3986
3986 3987 4790
3986 3988 4789
3988 4790
3988 3989
3990 3991 3997 4082
3991
3991 3993
3992 3993
3994 3995
3995 4791
3996 3998 3999
3996 3999 4000
3997 4791
3997 3998
3999 4000
4000
4234 4235
4248 4250
4273 4274
4301 4302
4319
4382 4386
4439
4645
4648 4649
4652
4686 4687
4746 4747
4755 4756
4781
