4330 4096
1 2 3 5 27 33 35 204 237 238 239 296 301 306 318 368 372 374 417 420 512 523
1 386 404 406 407 408 412 420 421 431 433 434 436 437 439 442 470 1194 1198 1203 1204 1286 1287 1289 1331
1 8 10 164 165 174 176 609 610 614 867 868 905 913 914 916 918 2666 2671 2674 2678 2680 2683 2766 2767 2768 2839 2840 2842 2896 2898 2899
1 2
2 6 8 9 28 35 37 163
2 3 7 24 26
3 4 29 30 475 476 477 478 479 512 513 533
3 4 5
4 6 9 10 12 13 17 18 2229 2230 2231
4 5
5 6 7 12
6 7
7 20 21
8 20 21 23 71 72 74 75 283 308 309 310 311 312 313 316 318 324 474 492 505
8 12 13 15
9 11 13 14
9 10 11
10 11
11 14 15 16 18
12 13
14 15 17 19 20 22 24
14 16
15 16
16 17 24 25 27 40 43
17 18
18 19 27 28 30 31 37 38 41
19 23 24 25 26
19 21 22
20 40 41 42 203 205 206 209 225 228 229 266 267 279 280 282 283 285
21 22
22 23
23 25
25 26
26 38 39
27 28
28 32
29 30 31 33 34
29 30 438 439 440 441
29 31 32
31 32
32 33 34 36
33 34
34 35 36 39
35 36
36 37
37 38 40 42
38 39
39
40 41 43 44
41 42
42 44
43 416
43 44
44
45 46 48 49 55 2664 2685
45 63 65 66 78 79
45 71 74 149 150
45 56 58
46 47 48 50 52 54 64 83 84 85 86 95 121 130 131 142
46 56 57 58 59 61 62 69 73 74 77 80 81
46 47
47 51 58 60 61 65 66 67
47 50 51
48 52 53 54
48 49
49 68 69 70 76 79 80 81 82 139 147 159
49 53 59 60
50 52 53 79 82 146 148 1581 1604 1605
50 51
51 52
53 54
54 59 61 63 64 65
55 56 57
55 56 82
55 57
57 58
59 60
60 62
61 62
62 63
63 64
64 67
65 66
66 67
67
68 69 71 72 73 3208 3209 3213 3214 3227 3229 3232 3293 3427 3434 3462 3464 3465 3479 3483
68 70 133 387 389 390 391 399 417 418 451 457 460 461
68 73
69 70
70 75
71 72
72 73
74 75
75 76 78
76 77 78 94 178 181 193 201 2297 2351 2352 2353 2360
76 77
77 78
79 80
80 81
81 82
83 84 86 88 127 128 129
83 94 143 144
83 85
84 88 89 189 190 192 195 197 198
84 85
85 87 89 90 91 92
86 87 96 97 98 112 113 116 120 126 128 134 169 170
86 87
87 88
88 89
89 90 91 92 93
90 120 121 122 123 130 131 132 139 140 141 144 145 146 147 148 162 164 181 203 205 208 225 226 265 272
90 92
91 97 103 104 113 114 115 121 173 174 180 182 183 185 186 191
91 93
92 93
93 156 157
94 95 99 100 101 103 105 106 111 114 115 117 118
94 95
95 100 102 126 127 129
96 120 122 123 124
96 98 99 100 126 146 150 152 158 161 164 166 174 194
96 97
97 98
98 99
99 101 102 106 117 125
100 101
101 102
102 103 105 108 109
103 104
104 122 125 130 134 137 138
104 105 107 108 109
105 106 107
106 107
107 108 111 112
108 110
109 110 129
109 110
110 111
111 112
112 113
113 114
114 115 116 118 119
115 116
116 117 118
117 119
118 119
119
120 123 124 125
121 122
123 124
124 125
126 127
127 128 145
128 129
130 131 132 133
131 132 136
132 133
133 134 135
134 135
135 136 138 443 444 458 459
135 136 137
136 137 139 140 143
137 138
138 141 144
139 140 142 143
140 141
141 142 145
142 143
144 145
146 147 151 154
147 148
148 149
149 151 152 153 182
149 150
150 151 153 154
151 152
152 153 155
153 154 155 156
154 155
155 156 157 158
156 157 159 160
157 158
158 159 160
159 160 161
160 161
161
162 163 167 175 176 177 203 209 210 211 212 216 217 250 252 264 289 291 301 302 309 368 518 521 531
162 164 165 166
162 163
163 165 169 170 171 172 173
165 166
166 167 168
167 169 172 364 365 447 449 453 513 514
167 168
168 169 170
168 171 172 175
170 171
171 173
172 173
174 175 176
175 177 179 190 191 193 194 196 198 199
176 177
177 182 183 186 187 188 189
178 179 180 185 187 189
178 475 476 491 511
178 179 190
179 180
180 185
181 182 183 184
181 184 186
183 184
184 187
185 188
186 187 188
188 189
190 191 192 193
191 192
192 195 196
193 194
194 195
195 196 197 198 200
196 197
197 199 200 202
198 199
199 200 201
200 201 202
201 202
202
203 205 207 222 223 224 237 241
204 205 206 208
204 215 337 340 361 386 387 388 401 429 431 433 435 436
204 206 207
206 207
207 209 211 213
208 209 210 212 214
208 210
210 211
211 212 213 214
212 213 216 217 218
213 214
214 215
215 218 232 235 240 241 243 337 338 339 340 342 343 354 359 360 361 363 364 365 366 404 422 429
215 216
216 217 219
217 218
218 231 233
219 220 222 225 226 229 232 233 234
219 228 229 230 237 238 337 339
219 220 222 224
220 221 222 223 226 227
220 221
221 227
221 223
223 224
224 228 326 328
225 227 255 257 258
226 227
228 230 231 235 236
229 230
230 231
231 232 233
232 234 236
233 234
234 235 332 333 334 335 336
235 236
236
237 239 240 242
238 243 245 246 256 257 272 444 445 455
238 239
239 240
240 241 242 244 248 249 253 254
241 242
242 243 244
243 244
244 247 259 260 261
245 246 247 256 259 261 262 338 350 351 352 355 356 522 525 526 529
245 249 2009 2015 2021 2023 2076 2082 2083 2084 2085 2086 2270 2272 2389 2391 2393 2402 2451 2460 2465 2466 2467
245 246 253
246 247
247 248
248 250 284 285 286 292 293 294 325 359 430 434 458
248 249
249 250 251
250 251 253 254 255 256 258
251 252 253 254
251 252
252 255
254 255
256 257 260 262 263
257 258
258 259
259 260
260 261 263
261 262
262 263 264 327 328 329
263 264
264 326 328 329
265 269 270 273 274 276
265 272 274 275 278 289 325
265 271
266 268 269 443 445 457 467
266 269 270 277 318 319 320 321 322 323 487 488 491 492 493 494 495 497 499 501 502 503 504 514 515 3308 3310 3317 3375 3390 3417 3418
266 267
267 268 279 281 282 469 471 472 478 480
267 268 270 271
268 269
270 271
271 273
272 273 275 276
273 274
274 275 277
275 276
276 277 278 280 296 297
277 278
278 279
279 280 281
280 281 331 333 334 336
281 282
282 341 344 345 346 348 349
283 284 286 293 321 323 340 346 347 350 470 471 972 974 976 1064 1068 1076 1083
283 284 287
284 285
285 286 287 288
286 287
287 288 289 290
288 289 290 302 303 304 305
288 290 291
290 291
291 292
292 293 294 323 324 325
292 294 295 296 313 314 315
293 295
294 295
295 297 299 305 308
296 297 298 300
297 298 299 301 303
298 303 304
298 299 300
299 300
300 304 306
301 302
302 303
304 305
305 307 308 309 311 316 326 327
306 307 310 312 313 314
306 307
307 311 317
308 310
309 310
311 312
312 314
313 315
314 315
315 316 317
316 317
317
318 319
319 320 322 341 349 351 1102 1105 1112 1114 1116 1129 1133 1135 1136 1137 1141 1479 1481 1482 1492 1699 1702 1705 1710 1712 1714
319 320
320 321
321 322 324
322 323
324 325
326 327
327 329 330 331 332
328 330
329 330
330 331
331 332 335
332 333
333 334
334 335
335 336
336
337 338
338 339
339 342
340 341
341 342 343 344 345 347
342 343
343 344
344 345 348
345 346
346 347
347 348 355 356 357
348 349
349 353 355
350 351 353 355 356 357 358
350 352
351 352
352 353 354
353 354
354 357
356 358
357 358
358
359 361 362 366 367 369 370 371 429 430 446
359 360
360 367 380 382 383 458 459 464
360 362 363
361 362
362 363
363 364 373 374 375 377 378 382 383 385
364 365
365 366
366 367
367 370 373 377 380 384 385
368 369 370 371 443 448 451 452 453 454 455 456 517 519 521
368 369
369 376 378 379 410 777 795 797 799 800 807 817 820 826 827 829 830 831
370 371 372
371 372
372 373 375 376
373 374
374 375 379
375 376
376 377
377 378
378 379 380 381
379 381
380 381
381 382
382 383 384 438
383 384
384 385
385 437 438
386 392 393 417 418 423 424 425 426 427
386 387
387 388
388 389 397 398 425 432 433 435
388 389 391 394
389 390 392
390 405 428
390 391
391 392 393
392 393 394 395
393 394
394 395 396
395 396 397 424 425 428 432 440 441 442
395 396 399 400 405 407 409
396 397
397 398 399
398 399 401 402 404 406 414 415 437 439
398 400 401 402
400 401 402 403
400 403
402 403
403 410 415
404 405 408 409
405 406
406 407
407 408 411 412 413
408 409
409 410 411
410 411 413
411 412 414 416
412 413
413 414
414 415 416
415 416
417 418 419 420 421
418 419
419 422
419 423 424
420 421 422 423
421 422
423 424 426
425 426
426 427 428
427 436
427 428
429 430
430 431 432
431 432
433 434
434 435
435 436
437 438
439 440
440 441
441 442
442
443 444 446 447 448 449 450
444 445
445 446
446 447 450 452
447 448
448 449
449 450
450 451 454 456
451 452
452 453
453 454
454 455 461 463 465
455 456
456 457 484 486
457 460 462 464 466 467
458 459
459 460 462 463
460 461
461 462
462 463
463 464 465 466
464 465
465 466 468
466 467 468 528 529 530 532 537 539 540
467 468
468 528 529 533 535
469 471 472 473 477 484
469 475 481 482 483 494 3318 3319 3320 3321 3324 3347 3348 3364 3365 3388 3397 3399 3447 3449 3462 3463 3464 3476 3478
469 474 476 477 479 480 488 489
470 471 472
470 473
472 473
473 474
474 481 482 494 495 497 498 500 501 502
475 476
477 478
478 479
479 480
480 481
481 482 484 485
482 483
483 484 485 487 490
483 485 486
485 486
486 487 489 490 495 496
487 488
488 489
489 490
490 491 492 506 507 508
491 493 498
492 493
493 498
494 496
495 496
496 497
497 499
498 499 500
499 500 504
500 501
501 502 503
502 503 505 509
503 504
504 505 506 507
505 506
506 507 508 509 510
507 508 510 511
508 509
509 510
510 511
511
512 521 522 523 2011
512 514 516
513 514 515 516
513 515 517 518 520
515 516
516 517 519 520
517 518
518 519 524 525 527 534
519 520
520 524
521 522 524 525 526
522 523
523 526 527
524 525
526 527
527 528
528 530 531 532
529 530
530 531 533 534 536
531 532
532 538
533 534 535 536
534 535 537 539
535 536
536 537 538 540
537 538
538 539
539 540
540
541 542 552 562 563 565 566
541 542 556 558 559 578 835 836 846 879 880 881 894 895 897 904 906 908
541 550 768 770 772 974 980 981 982 1002 1017 1019 1020 1021 1025 1026 1027 1029 1063 1064 1065 1085 1087 1089
541 542 543 545 546
542 543
543 551
543 548 549
544 546 547 548 552 553 554 560 579 584 586 589 609 621 622 972 973 978 979 1067 1070 1079 1080 1090
544 545 546 569 575 580 647 648 656 657 659 661 668 722 724 728 731 733 2163 2164 2195 2196 2198 2211
544 569 570 572 573 868 891 892 946 970
544 545
545 547 549
546 547
547 548 550 551
548 549
549 550 552 553 572 574
550 551
551 577
552 554 555 556 558
553 650 680 681 682 698 700 702 704 705 730 2914 2917 2918 2919 2936 2937 2940 2944 2946 2947 2948 2949 2972 2974 2995 2997 3012 3013 3015 3060 3131 3132 3142 3143 3197 3198 3199 3202 3203 3212 3213 3216 3217 3255 3257 3302 3303
553 554
554 556 557 572
555 561 562 563 565 568 569 571 575 576 577 578
555 588 590 603 740 743 749 750 752
555 557 558
556 557
557 559 560
558 559
559 560 561
560 561 563 564
561 562
562 564 567
563 564
564 565 566
565 566 567 568 577 579 741 742
566 567
567 570
568 578 579 582
568 576
569 570 571 572 573
570 571
571 573 574
573 574
574 575
575 576
576 580 581 582
577 578
579 580 581
580 581 583
581 582 583
582 583
583
584 585 597 607 626 642 670 722 729
584 610 611 612 613 615 616 617 622 624
584 585 587
585 586 594 629 630 632 637 639 640 1077 1078 1079 1081 1082 1084 1085 1086
585 586
586 588 595
587 592 630 672 673 676 678 679 681 685 753 754
587 596 623 624 626 627 633 637 638 641
587 588 589 590 591 593
588 589 591 592
589 590
590 591
591 592 593 594 596 603 604
592 593
593 594 595
594 595
595 598 599 600
596 597 599 602 632 633 642 643 644 645
596 597 598 600
597 598
598 599 601 602
599 600
600 601 605
601 606 607 748 749 764
601 602
602 603 604
603 604 605 606 607 608
604 605
605 606
606 608
607 608
608
609 612 613 614 634 635 636 670 671 673 698 699 700 705 706 707 725 732 733 734 735 740 749 753 2142 2143 2144 2146 2148 2164 2212 2222 2229 2230 2288 2292
609 610
610 611
611 623 835 839 840 875 876 877 945 948 949 962 963 964 1786 1789 1800 1811 1814
611 612
612 613 615 618 619
613 614
614 617 618 619 626 627 628 633 637 645
615
615 616
616 980 982 1006 1008 1009 1017 1078 1079 1084
616 618
617 618 619 620 621 623 624 625
617 620
619 620
620 621
621 622
622 623 625
624 625
625 627
626 628 630 631 632
627 628
628 629
629 630 631
629 631 634
631 632
633 634 635
634 635 638 639 643 644
635 636
636 639 640
636 640 641
637 638
638 639
640 641
641 642
642 643
643 644 646
644 645 646
645 646
646
647 651 723 724 725 731 3305 3309 3310 3311 3313 3314 3372 3373
647 740 756 760 762 2822 2857 2864 2879 2880 2888 2889 2891 2892
647 648 649 651 652 653
648 649 650 651 652 655 662 663 666 668
648 649
649 650
650 662 677 678 679 701 702 712 715 717
651 655 660 661 673 722 723 726 727 731 768 769
652 653 661 664 666
652 654
653 654 655 658
653 654
654 656
655 656 657 658 679 680 683 687 690 693 695
656 657
657 658
658 663 665
659 660 662 667 683 684 692 693 695 696 721
659 662 663 664
659 660
660 661
663 664 665
664 665
665 666 667 668 669
666 667
667 669
668 669
669
670 701 714 717 718
670 671
671 672 673 674 675
671 674 699
672 698 2142 2147 2155 2156 2158 2160 2193 2215 2217
672 674 675
674 675 676
675 676
676 704 705 709 713
677 694 718 719 720
677 680 687 688 737 738 739 746 747 748 759 760 764 765
677 678
678 679
680 681 682
681 682
682 683 684 685
683 684
684 686 688 689
685 686 690 691 707 708 711 714 715 716 719 721
685 686
686 687 690
687 688 689
688 689
689 691 692
690 691
691 693 694
692 694 695 696 697
692 696
693 694
695 697
696 697
697
698 699
699 700
700 701 702 703
701 703
702 703
703 709 711
704 712 713
704 706 707 709 710
705 706 710 711
706 708
707 708
708 712 714 716
709 710
710 711
712 713
713 717 719
714 715
715 716
716 718 720
717 718
719 720 721
720 721
722 723
723 724
724 725 726 727 728
725 726 729 732 737 738 761
726 727
727 728
728 729 730
729 730
730 735 738
731 732 734 735 736 737 739
732 733
733 734
734 736
735 736
736 737
738 739
739 741 742 743 744
740 741 744 745
741 742 746 747
742 743
743 744 745
744 746
745 746 747
745 748 753 754
747 748
749 750 751
750 753 754 755
750 751 752 755 756 757
751 755
751 752
752 756 757
754 755
756 757 758 759 761 762 764 765 766
757 758
758 766
758
759 763 764 765
759 760
760 761 763
761 762
762 763
763 766
765 766
767 768 769
767 867 947 961
767 835 836 853 897
767 769 770 771 772 773 774 818 819 823 825 827 830 833
768 846 847 850 851 867 868 869 871 947 948 959 961
769 770
770 777 778 779
771 773 774 775
771 773 776 781 782
771 772
772 775 794 797 798 803 806 808 809 810 815
773 774 870 871 873 898 899 901 902 931 934
774 775
775 790 793 804 805
776 777 778
776 780 785 786 790 791 804
776 779 780 783
777 778 848 853 854 856 945 950 951 952 953 957 972 1017 1018
778 779
779 784 788 800 802
780 791 792
780 781 782
781 784 790 792 1512 1623 1624 1625
781 782 783 785 786 787
782 783
783 785 789
784 785 786 788 789 812
784 787
786 787
787 788
788 789
789 807 808 811 818 819
790 791 793 795 796
791 792
792 793 794
793 794
794 797
795 796 797 798 799 801
795 796
796 798
798 799
799 800 801 802
800 801 803
801 802
802 803 807 809 810 811 812
803 804 805 806
804 805 814 815 818 820 821
805 806
806 816
807 808
808 809
809 810 813
810 811
811 812 813 814 828
812 813
813 814
814 815
815 816 825 826
816 817 819 822 823 827
816 817
817 825
818 820 821 822
819 820 821
821 822
822 823 824
823 824
824 832 833
824
825 826
826 828 829 830
827 828 832 833 834
828 829
829 831 832 834
830 831
831 832
833 834
834
835 837 839
836 837 841 843 844
836 837
837 846 858 859
838 839 843 860 861 864 865 3753 3754 3761 3762 3771 3772 3773 3813 3814 3816 3819 3827 4024 4032 4055 4056 4057 4061 4062 4067 4068 4069 4070
838 840 842 847 849 984 985 992 993 1002 1003 1005 1006 1010 1011 1012
838
838 843 844 845
839 840 841
840 841 842 843 845
841 842
842 844
844 845
845 898 935 937 940
846 847 848 849 850 852
847 848
848 849 851 854
849 850
850 851 852
851 852
852 853 854 855 857
853 855 856
854 855
855 856 857 858 859 861 862
856 857
857 858 864
858 861 863
859 860 861 862 863
859 860
860 862 864 866
862 863
863 865 866
864 865 957 958
865 866
866 966 967 969
867 869 870 872 873
868 869
869 870 872
870 871
871 872 873 874
872 874 875 883 897 899 903 917 918 919 920
873 874
874 876 877 878 884 885 886
875 877 879 3633 3637 3659 3664 3665 3666 3694 3695 3696 3697 3699 3719
875 876
876 878 880 882
877 878
878 879 881 882
879 880
880 881 883 886 894 895
881 882
882 883 884 885 887 888 889
883 884
884 885
885 886 887 888 889
886 887
887 888
888 889 890 892 893
889 890
890 891 912 913 938 945 946 947 948 950 951 953 960 1080 1081 1082 1083 1085 1087 1088 1093 1094
890 891 892
891 893 895 896 906 907 909
892 893
893 894
894 896 904 906 909 910 911 936 937
895 896
896 931 932 933
897 898 900
898 899 900 901
899 900 902 912 915 917 920
900 901
901 902 903
902 903
903 912 914 915 931 938
904 905 919 921 922 923 926 932 933 934
904 905
905 907
906 907 908 910
907 908
908 909 911
909 910 922
910 911
911 928 929 930
912 913
913 914
914 915 916 927 928
915 916
916 917 922 923 925
917 918 919
918 919 920 921
920 921
921 924
922 923 924 925 926
923 924
924 925 927
925 926
926 927 929
927 928 929
928 930
929 930
930
931 932
932 933 935 936
933 934
934 935
935 936 940 942
936 937
937 938 939 943
938 939 940 941 943
939 940 941 943 944
939 941 942
941 942
942 944
943 944
944
945 946
946 954
947 949 950
948 949
949 952 954 956
950 951
951 952 955
952 953
953 954 955 956
954 955 957 959 960
955 956
956 958
957 958
958 959 961 962
959 960
960 966 967 970
961 962 963
962 963 965
963 964 966
964 965 967 968 969
964 965
965 968 971
966 967 968
968 969
969 970 971
970 971
971
972 973
973 975 984 987 1063 1071 1072 1073 3191
973 974 975 976
974 975 976 977
975 977 978
976 977
977 978 980
978 979
979 1025 1026 1028 1034 1035 1036 1041 1044 1050 1051 1052 1056
979 987 988 989 990
980 981 982 983 985 987 989 990 997 1023 1043
981 996 997 999 1000
981 983
982 983
983 997 998 1000
984 985 986 1002 1003 1004 1010 1025 1038 1075 1077
984 986
985 986
986 988 990 991
987 988
988 989
989 991 992 993 995
990 991
991 993 994 995 996
992 1012 1014 1022
992 994 996
993 994
994 995 998 999
995 996
997 998
998 999 1000 1001 1090 1092 1093
999 1001
1000 1001
1001
1002 1004 1005
1003 1013 1067 1068 1069 1070 1072 1073 1074
1003 1004
1004 1005
1005 1007 1009 1010 1012 1013 1015
1006 1007 1008 1024 1026 1030 1032
1006 1007
1007 1008
1008 1009
1009 1011
1010 1011
1011 1012
1013 1014 1015 1021 1041 1042 1045
1013 1014 1016
1014 1015 1016
1015 1016
1016 1057 1058 1059 1061 1062
1017 1018 1019 1023 1024
1018 1021 1022 1033 1036 1037 1038 1039 1040 1041 1050
1018 1019 1020
1019 1020
1020 1021
1022 1036 1037 1039 1042 1043 1057 1060 1061
1022 1037
1023 1029 1030 1032 1034 1035 1054 1056
1023 1024
1024 1028 1034
1025 1027
1026 1027
1027 1028
1028 1029 1031 1032 1033
1029 1030 1031
1030 1031
1031 1033
1032 1033
1034 1035
1035 1036
1037 1038 1039
1038 1040
1039 1040
1040 1042 1046
1041 1044
1042 1043
1043 1044 1045 1046 1047 1048
1044 1045 1048 1049
1045 1046 1047 1048 1051 1052 1053
1046 1047
1047 1049
1048 1049
1049 1050 1052 1055
1050 1051 1054 1057
1051 1053
1052 1053
1053 1054 1055
1054 1055
1055 1056 1059 1060 1062
1056 1058
1057 1058
1058 1059
1059 1060
1060 1061
1061 1062
1062
1063 1064 1065 1066
1063 1065
1064 1066
1065 1066
1066 1067
1067 1068 1069 1071
1068 1069
1069 1070
1070 1071 1073
1071 1072 1075 1076 1077
1072 1074
1073 1074
1074 1075 1078 1081
1075 1076
1076 1077
1078 1080
1079 1080
1081 1082
1082 1083
1083 1086
1084 1086 1087 1091 1092 1095
1084 1088 1089
1085 1086
1087 1088
1088 1089
1089 1090 1091
1090 1091
1091 1092 1094 1095
1092 1093
1093 1094
1094 1095
1095
1096 1097 1098 1103 1106 1108 1118 1119 1121 1122 1123 1173 1229 1286
1096 1097 1175 1176 1184 1186 1187 1189 1190 1203 1223 1224 1228 1237 1239 1244 1245 1246 1256 1268 1330 1338 1364 1365 1366 1377 1379 1380 1381 1401
1096 1225 1228 1229 1230 1231 1232 1286 1287 1288 1298 1299 1323 1324 1326 1335 1340 1342 1343 1345 1352 1362 1364 1467 1479 1570 1576 2027 2033 2036 2041 2052 2055 2056 2057 2059 2060 2075 2076 2540 2541 2542 2546 2549 2558 2561 2563 2565
1096 1100
1097 1098 1099 1100 1102 1103 1104 1172 1173 1174 1176 1177 1183 1184 1205 1223 1225 1226 1227 1241 1242 1270 1272 1273 1288 1293 1294 1315 1316 1338 1339 1340 1341 1346 1364 1367 1371 1372 1373 1377 1426 1427 1428 1437 1438 1440 1457 1458 1476 1700 1701
1097 1099
1098 1107 1109 1140 1146 1147 1148 1149
1098 1099 1101
1099 1100 1101
1100 1101
1101 1102 1104
1102 1103
1103 1104 1105 1111
1104 1105
1105 1124
1106 1107 1108 1124 1125 1126 1127 1427 1429 1430 1439 1454 1716 1817 1821 1822 1823
1106 1110 1698 1701 1702 1704
1106 1107 1116
1107 1108 1109
1108 1109
1109 1110 1111 1113 1115
1110 1112 1124 1129 1130 1131 1140 1298 1462 1487 1489 1497 1559 1560 1563 1577 1579 1580 1591 1592 1593
1110 1111
1111 1112 1113 1114 1115
1112 1113
1113 1114 1117 1125 1132 1134 1138
1114 1115
1115 1116 1117
1116 1117
1117 1168
1118 1119 1120 1143 1148 1706 1707
1118 1147 1172 1175 1205 1206 1208 1222 1356 1358 1360 1362 1412 1413
1118 1120 1121 1123 1134 1137 1141 1142 1144 1145 1148 1150 1151 1152 1153 1154 1155 1159 1161
1119 1139 1151 1152 1156 1157
1119 1120
1120 1121
1121 1122
1122 1135 1136 1138 1139 1164 1481 1484 1494 1506
1122 1123
1123
1124 1125 1126 1127 1128
1125 1126
1126 1128 1130
1127 1138 1146 1156 1165 1166 1168 1170 1171
1127 1128
1128 1129 1130
1129 1131 1132
1130 1131
1131 1132 1133
1132 1133
1133 1134 1135 1136
1134 1135
1136 1137
1137 1139
1138 1139
1140 1147 1148 1149 1150 1151 1165
1140 1141 1142
1141 1142 1143 1144 1145 1146
1142 1143
1143 1144
1144 1145 1165 1166 1167
1145 1146
1147 1149
1149 1150
1150 1154
1151 1153 1155
1152 1156 1157
1152 1153
1153 1154 1160 1161 1163 1164
1154 1155
1155 1158
1156 1157 1158 1159 1160 1165 1167
1157 1158
1158 1159 1161 1162
1159 1160
1160 1162 1163
1161 1162
1162 1163 1168 1169
1163 1164
1164 1166
1166 1167
1167 1169 1170
1168 1169 1171
1169 1170
1170 1171
1171
1172 1188 1193 1205 1207 1208 1209 1210
1172 1173
1173 1206 1207 1249 1260 1261 1262 1265 1267
1174 1179 1180 1181 1182 1293 1294 1297 1457 1467 1468
1174 1183 1190 1191 1192 1211 1224 1295 1296
1174 1179
1175 1177 1178 1189 1200 1201 1209 1215 1216 1244 1250 1251 1253 1269 1270 1271 1276 1277 1280 1289 1293 1299 1300 1301 1302 1330 1331 1332 1333 1337 1341 1347
1175 1176 1178
1176 1177 1179 1182
1177 1178
1178 1180
1179 1180 1181
1180 1181 1185 1186
1181 1182
1182 1183 1184
1183 1185 1187 1188
1184 1185
1185 1186 1187
1186 1188 1189 1190 1200 1201
1187 1188
1189 1191 1193 1197
1190 1191
1191 1192 1193
1192 1194 1195 1290 1292 1308 1309
1192 1194 1196
1193 1195 1196
1194 1195 1197 1198 1199
1195 1196
1196 1197 1199
1197 1198 1201 1202
1198 1199
1199 1200
1200 1202 1203 1215 1216 1218 1221
1201 1202
1202 1204
1203 1204
1204 1219
1205 1206
1206 1207 1211 1212
1207 1208
1208 1211 1212 1213
1209 1210 1212 1213 1214
1209 1210 1215
1210 1214
1211 1212 1213
1213 1214
1214 1217 1219 1284 1285
1215 1216 1217 1218
1216 1217 1220
1217 1218
1218 1219 1220 1221 1222 1283
1219 1220
1220 1221
1221 1222
1222
1223 1226 1237 1249 1250 1273 1274 1276 1278 3803 3878 3880 3881 3882 3883 4052 4053 4064 4065 4069
1223 1224
1224 1232
1225 1226 1237 1238 1268 1269 1271 1906 1908 1957 1960
1225 1227 1231
1226 1227
1227 1228 1229
1228 1230 1234 1235 1236
1229 1230
1230 1231 1232 1233 1234
1231 1233 1235
1232 1233
1233 1234 1236
1234 1235 1242 1243 1245 1251 1260
1235 1236
1236 1261 1268 1279
1237 1238 1239 1240
1238 1239 1246 1247
1238 1240 1241
1239 1240
1240 1241 1243
1241 1242 1252 1253 1255 1257
1242 1243
1243 1247 1248
1244 1245 1247 1297
1244 1246 1248
1245 1246
1247 1248
1248 1249 1251 1264 1265 1272 1280 1282
1249 1250
1250 1252 1254
1251 1252 1254 1255
1252 1253
1253 1254 1257 1258
1254 1255
1255 1256 1257 1258 1259
1256 1257 1259 1260 1261
1256 1258
1258 1259
1259 1263 1264
1260 1262 1263 1266 1267
1261 1262
1262 1263
1263 1264
1264 1265 1266
1265 1266 1283 1284
1266 1267
1267
1268 1269
1269 1270 1272
1270 1271
1271 1275
1272 1273 1274 1275
1273 1274 1277
1274 1275
1275 1276
1276 1277 1278 1279
1277 1278
1278 1279 1281
1279 1280 1281 1282
1280 1281 1283 1285
1281 1282
1282
1283 1284
1284 1285
1285
1286 1287 1291
1287 1288
1288 1289 1290 1291
1289 1290
1290 1291 1292 1295 1296 1297
1291 1292
1292 1295
1293 1294
1294 1295 1296
1296 1297
1298 1339 1344 1464 1465 1470 1471 1475 1479 1480
1298 1299 1301
1299 1300 1302 1303 1305
1300 1302 1307 1314 1315 1414 1416 1417 1418 1419 1420 1440 1441 1443 1444 1445 1447 1455
1300 1301
1301 1304 1305
1302 1303
1303 1304 1309 1310 1312 1313 1338 1341 1342 1343
1303 1304 1305 1306
1304 1306 1313 1320 1321
1305 1306
1306 1307 1310 1311 1312 1323 1324 1326 1327
1307 1308 1314 1316 1318 1320 1321 1322 1332 1356 1361 1378 1427 1430 1433 1435 1451
1307 1308
1308 1309 1310
1309 1311
1310 1311
1311 1312 1319
1312 1313
1313 1314 1317 1318 1319
1314 1315
1315 1316 1317
1316 1317
1317 1318 1322
1318 1319
1319 1320
1320 1321 1325
1321 1322
1322 1323 1328 1329
1323 1324 1325 1327 1328
1324 1325
1325 1326 1328
1326 1327
1327 1329
1328 1329
1329
1330 1332 1333 1334 1335 1336 1337
1330 1331
1331 1333
1332 1334 1339 1352 1353
1333 1334
1334 1335 1336
1335 1336 1347 1348 1354 1355
1336 1337
1337 1338
1339 1340
1340 1347 1348 1349 1350
1341 1342
1342 1343 1344 1345
1343 1344
1344 1345 1346 1351
1345 1346
1346 1349
1347 1348
1348 1349 1350 1351
1349 1350 1352
1350 1351
1351 1353 1354
1352 1353 1355
1353 1354 1472 1477 1478
1354 1355
1355
1356 1869 1870 1884 1935 1958 1959
1356 1357 1358 1359
1357 1359 1385 1386 1389
1357 1377 1378 1382 1383 1384 1385 1391 1393 1458 1459 1461
1357 1358 1360 1363 1372 1379 1391 1400 1401 1404 1405 1407 1408
1358 1359
1359 1360 1361
1360 1361
1361 1362 1363
1362 1363
1363 1368
1364 1365
1365 1371 1413 1414 1428 1429 1431 1432 1433 1450 1893 1895 1905 1907 1909 1911 1912 1948
1365 1366 1367 1368 1370
1366 1368 1369
1366 1367
1367 1369 1375
1368 1369 1370 1382 1412 1414 1418 1422 1458 1459 1460 1463 1465 1466 1467 1469 1480 1488 1489 1490 1491 1493 1495 1496 1717 1718 1732 1779 1780 1803 1804 1812 1816 1818 1824 1825 1827 1828 1842 1843 1844 1970 1972 1984 1985
1369 1370
1370 1371 1372 1374
1371 1373 1374 1376
1372 1373
1373 1374 1375 1376
1374 1375 1387 1410 1411
1375 1376
1376 1392 1396 1397 1407 1409 1419 1454 1456
1377 1379 1381
1378 1379 1380
1378 1380 1384
1380 1381
1381 1382 1383
1382 1383 1388 1389 1402 1403
1383 1384
1384 1385 1386 1393 1395 1396
1385 1386 1387 1388 1389 1390
1386 1387
1387 1388
1388 1390 1394 1395
1389 1390
1390 1391 1392 1395 1398
1391 1392
1392 1393 1394
1393 1394
1394 1397 1399
1395 1396
1396 1397 1398 1399
1397 1398 1400 1410
1398 1399
1399 1400 1404
1400 1401 1402 1403 1407
1401 1402
1402 1403
1403 1405 1406
1404 1406 1407 1408
1404 1405
1405 1406 1411
1406 1408 1409
1408 1409
1409 1410
1410 1411
1411
1412 1423 1424 1437 1442 1444 1709 1712 1713 1714
1412 1413 1415 1416
1413 1415
1414 1415 1417
1415 1416 1418 1421
1416 1417
1417 1420
1418 1419
1419 1420 1421 1422 1424 1425
1420 1421
1421 1422 1423
1422 1423
1423 1424 1425
1424 1425 1426 1454 1455
1425 1426
1426
1427 1428
1428 1429 1432
1429 1430
1430 1431 1433
1431 1447 1448 1720 1721 1722 1723 1733 1746 1747 1781 1787 1823 1824 1825 1826 1830 1831
1431 1432
1432 1434 1436
1433 1434
1434 1435 1457 1482 1487 1489 1698
1434 1435 1436 1440 1441 1447 1449 1450
1435 1436
1436 1437 1438 1439 1441 1446
1437 1438
1438 1439
1439 1441 1442
1440 1442 1443
1442 1443
1443 1444
1444 1445 1446
1445 1456
1445 1446
1446 1448 1449 1453
1447 1448
1448 1449
1449 1450 1451 1452 1453
1450 1451 1452
1451 1452
1452 1453
1453 2001 2002
1454 1455 1456
1455 1456
1457 1459 1461 1465
1458 1460
1459 1460
1460 1461 1462 1463
1461 1462 1464 1466
1462 1463 1464
1463 1464
1465 1466
1466 1468 1469 1473 1474
1467 1468
1468 1469 1470 1471 1472
1469 1470
1470 1471
1471 1472 1473 1474 1475
1472 1473 1476 1478 1496 1497 1498 1499
1473 1474
1474 1475
1475 1476 1477
1476 1477
1477 1478
1478 1502 1503 1504
1479 1480
1480 1481 1482 1483 1484 1485
1481 1483
1482 1483
1483 1484 1486 1487 1488
1484 1485 1486
1485 1488 1490
1485 1486
1486 1491 1492 1493 1494
1487 1488
1489 1490
1490 1491
1491 1492
1492 1493 1497
1493 1494 1495
1494 1495
1495 1496 1502 1505 1507
1496 1498 1499 1500
1497 1498
1498 1500 1501 1502
1499 1500 1502 1503 1504 1506
1499 1501
1500 1501
1501 1503
1503 1504 1505
1504 1505
1505 1506 1507
1506 1507
1507
1508 1510 1511 1522 1527 1530 1531 1534 1536 1542 1544 1551 1553 1564 1568 1569 1572 1574 1575 1618 1620 1649 1682 1683
1508 1509 1510 1612 1613 1618 1619 1624 1630 1631 1676 1677 1678
1508 1560 1561 1583 1587 1606
1508 1509 1510 1514 1515 1516 1517
1509 1529 1530 1532 1540 1542 1543 1549 1550 1556 1557 1582 1583 1584 1595 1608 1609 1610 1621 1623 1647 1648 1651 1652 1676 1696 1698 1699 1701 1712
1509 1511
1510 1511
1511 1512 1513 1514 1515 1534 1557 1558
1512 1514 1516 1523
1512 1513
1513 1535 1536 1537 1539 1541 1554 1555
1513 1515 1517
1514 1554 1555 1558 1650 1676 1677 1686 1687 1689 1696 1782 1783 1784 1817 1823
1515 1516
1516 1517
1517 1539 1554
1518 1519 1535 1559 1582 1584 1594 1599 1706 1707 1708 1710
1518 1520 1521 1548 1566 1568
1518 1526
1518 1519
1519 1520 1521 1522 1523 1524 1528 1530 1531 1533
1519 1520
1520 1521
1521 1522 1525
1522 1523 1524 1525 1526
1523 1524
1524 1525
1525 1526 1527 1528
1526 1527
1527 1528 1529 1534 1535 1536 1538
1528 1529
1529 1531 1532 1533
1530 1559 1560 1562 1563 1570 1571 1572 1574
1531 1532
1532 1533
1533 1537 1538 1539 1540 1543
1534 1535
1536 1537
1537 1538
1538 1545 1546
1539 1540 1541
1540 1541
1541 1542 1544 1546
1542 1543
1543 1544 1545
1544 1545 1547 1548 1550 1551
1545 1546 1547
1546 1547
1547 1548 1549 1551 1552
1548 1549
1549 1550
1550 1552
1551 1552 1553
1552 1553
1553 1994
1554 1555 1556
1555 1556
1556 1557 1990
1557 1558
1558 1593 1594 1595 1596 1600 1601 1603
1559 1561 1562 1577 1578
1560 1561
1561 1562
1562 1564 1565 1569
1563 1565 1566 1594
1563 1564
1564 1565 1566 1567
1565 1567
1566 1567
1567 1568 1570 1572 1573 1574 1582 1588
1568 1569
1569 1571 1576
1570 1571
1571 1573
1572 1573
1573 1575 1577 1579
1574 1575
1575 1576 1580 1581
1576 1578
1577 1578
1578 1579 1581 1586 1587
1579 1580
1580 1581
1582 1583 1585 1586 1588 1589
1583 1584 1585
1584 1585
1585 1586
1586 1587
1587 1588 1589 1590
1588 1589 1590
1589 1590 1591 1592 1595 1596 1597
1590 1591
1591 1592
1592 1593
1593 1597 1598 1599 1605 1606 1607 1710 1711
1594 1599
1595 1596 1598
1596 1597 1600
1597 1598
1598 1601 1602
1599 1601
1600 1601 1602
1600 1602 1603 1604
1602 1603
1603 1604 1607
1604 1605
1605 1606
1606 1607
1607
1608 1611 1614 1617 1655 1657
1608 1614 1615 1646 1651 1654 1656 1658 1659 1660 1661 1662 1678 1679 1681 1687 1691
1608 1609
1609 1610 1616 1617 1626 1627 1628 1629 1635 1637
1609 1610 1611 1612
1610 1611
1611 1612 1614 1616
1612 1613
1613 1615
1613 1616 1622
1614 1615
1615 1621 1624 1625
1616 1617
1617 1618
1618 1619 1620 1621 1622 1629 1632 1635 1643 1644
1619 1622
1619 1620
1620 1629 1630 1631 1632 1636 1638 1667 1670 1675
1621 1622
1623 1633 1639 1640 1646 1647 3755 3758 3763 3782 3788 3789 3790 3813 3832 3834 3839 3840 3854 3862 3863 3864 3900 3901 3950 3951 3953 3960 3961
1623 1625 1626 1628
1624 1626 1627
1625 1626
1627 1630 1631 1634 1640 1642
1627 1628
1628 1639 1644
1629 1630
1631 1632
1632 1633
1633 1634 1665 1673 1674
1633 1634
1634 1635 1636 1637
1635 1636
1636 1637 1638 1639
1637 1638
1638 1640 1641 1642 1643 1645
1639 1641
1640 1641
1641 1642
1642 1643
1643 1644 1645
1644 1645
1645
1646 1647 1666 1672 1680 1681 1682 1683 1684 1686 1693 1694
1646 1648 1649 1650 1658
1647 1648
1648 1649
1649 1650
1650 1653 1658 1659 1667 1668 1669 1671
1651 1652 1664 1682
1651 1652 1653 1654
1652 1653
1653 1654 1655
1654 1655 1656 1657
1655 1656 1659 1662 1663
1656 1657
1657 1666
1658 1660 1661
1659 1660
1660 1661 1663 1664 1665
1661 1662
1662 1663 1665
1663 1664 1666 1667
1664 1665
1666 1668 1669
1667 1668
1668 1669 1670 1671 1673
1669 1670
1670 1671 1672
1671 1672
1672 1673 1674
1673 1674 1675 1685 1686 1688
1674 1675
1675 1685
1676 1677 1679
1677 1678 1680
1678 1679
1679 1680 1682 1684
1680 1681
1681 1683
1683 1684
1684 1685 1693 1695
1685 1690 1691 1692
1686 1687 1688 1689
1687 1688 1693
1688 1689
1689 1690 1691
1690 1693 1694 1695
1690 1692 1696 1697
1691 1692
1692 1694
1694 1695
1695 1697
1696 1697
1697
1698 1699 1700
1699 1700
1700 1703 1704
1701 1702 1703
1702 1703
1703 1704 1705 1709
1704 1705
1705 1706
1706 1707 1708
1707 1708 1709 1711
1708 1709
1710 1711
1711 1713
1712 1713 1714 1715
1713 1715 1990 1991
1714 1715
1715 1990 1992 1993 1997 1998 2000 2003
1716 1718 1720 1751 1752 1760 1761 1763 1765 1770 1775 1776 1777 1819 1820 1822
1716
1716 1717 1720 1725 1726 1730 1731 1780 1790 1791 1793 1795 1799 1810 1815
1717 1746 1748 1749 1759 1772 1774 1779 1781 1783 1793 1794 1802 1805 1806 1807 1809 1834 1836 1839 1840
1717 1719 1722 1723
1718 1719 1721 1722 1723 1724 1725
1718 1719
1719 1721
1720 1722
1721 1724
1723 1724
1724 1727 1728 1729 1737 1742 1743
1725 1733 1735 1741 1744
1725 1726 1727 1728
1726 1727 1729 1731 1746 1748
1726 1728
1727 1730 1834
1728 1729
1729 1730
1730 1731
1731 1741 1742
1732 1733 1734 1736
1732 1734 1735 1736 1737 1738 1747 1748 1750 1756 1779 1785
1732 1733
1734 1735 1737 1738 1739 1801 1802 1817 1818
1734 1750 1775 1776 1777 1778 1781 1782 1970 1971 1973 1980 1982
1735 1736
1736 1743 1744
1737 1738 1740
1738 1739 1740 1741
1739 1745
1739 1740
1740 1764
1741 1742
1742 1743 1744 1745
1743 1745 1758 1760 1762 1773 1775
1744 1745
1746 1747
1747 1749 1750 1752 1753
1748 1749
1749 1751 1753 1754
1750 1751
1751 1752 1754
1752 1753 1755 1756 1757
1753 1754
1754 1755
1755 1757 1772 1774 1776 1778
1755 1756 1758 1759 1766 1768
1756 1757
1757 1758
1758 1759 1761
1759 1760 1762 1763
1760 1761
1761 1762 1764 1765 1767 1769 1770
1762 1763
1763 1764 1766 1767 1768 1769 1991 1993
1764 1765
1765 1766
1766 1767
1767 1768 1770 1771 1981 1982
1768 1769
1769 1771
1770 1771
1771
1772 1773 1809
1772 1773
1773 1774
1774 1777
1775 1776
1777 1778
1778 1975 1976
1779 1780
1780 1786 1787 1788 1789 1791
1781 1782 1784 1785
1782 1783
1783 1784 1786 1788
1784 1785
1785 1795 1796
1786 1787
1787 1788 1790 1791 1792
1788 1789
1789 1790
1790 1792 1793
1791 1792
1792 1794 1795 1798
1793 1794
1794 1796 1797 1798
1795 1796 1797
1796 1797 1799 1800 1801
1797 1798
1798 1799 1801 1803 1810 1811
1799 1800
1800 1808
1801 1802
1802 1803 1804
1803 1804 1805 1806
1804 1805
1805 1806 1807
1806 1807 1808
1807 1808 1809 1810 1812 1813
1808 1809
1810 1811
1811 1812 1813
1812 1813 1814 1815 1816
1813 1814
1814 1815 1976
1815 1816
1816 1839
1817 1818 1819
1818 1819 1820
1819 1820 1821
1820 1821 1826
1821 1822
1822 1825 1829 1834 1835 1837 1838
1823 1824
1824 1827 1828
1825 1826
1826 1827
1827 1828 1829 1832 1833
1828 1829
1829 1830 1831 1832
1830 1834 1835 1838
1830 1831 1833
1831 1832 1837 1840 1845 1847
1832 1833
1833 1835 1836 1840 1842 1873
1835 1836
1836 1837
1837 1838
1838 1845
1839 1841 1842 1843
1839 1841 1846 1847
1840 1841 1842 1844
1841 1843
1843 1844
1844 1845 1846
1845 1846
1846 1847
1847 2003 2006
1848 1857 1864 1865 1867 1873 1875 1876 1878
1848 1850 1864 1871 1884 1885 1888 1891 1896 1898 1899 1900 1905 1907 1908 1919 1921
1848 1874 1879 1884 1886 1887 1916 1917
1848 1849 1854 1855
1849 1850 1851 1852 1853 1881 1882
1849 1852 1854 1856 1872 1874 1875 1877
1849 1850
1850 1851 1853
1851 1861 1892 1894 1895 1898 1899
1851 1852 1855 1856
1852 1853
1853 1854
1854 1855 1857 1859 1896 1901 1904
1855 1856
1856 1857 1858
1857 1858 1860 1862 1863
1858 1859 1860 1861 1862 1883
1858 1859
1859 1860
1860 1861 1863
1861 1862
1862 1863
1863
1864 1880 1882 1883 1916 1918 1920 1921 1923 1925 1957
1864 1865
1865 1866 1867 1887 1888 1889 1890 1892 1929 1931 1932 1934 1936 1938 1939 1941 1942 1945 1947 1949 1952 1957 1958
1865 1866 1868
1866 1874 1910 1912 1914
1866 1867 1868 1869
1867 1868
1868 1869 1870 1871
1869 1870 1872
1870 1871 1872 1873
1871 1872
1873 1875 1877 1878 1879
1874 1876
1875 1876
1876 1877 1879 1881 1882
1877 1878
1878 1880 1881 1883
1879 1880
1880 1881
1882 1883
1884 1885 1886 1889
1885 1918
1885 1886
1886 1887 1901 1903
1887 1888 1890 1891
1888 1889
1889 1890 1892 1893 1894
1890 1891
1891 1892 1893
1893 1894
1894 1895 1896
1895 1897
1896 1897 1898
1897 1898 1900 1902
1897 1899
1899 1900
1900 1901 1902 1903 1904
1901 1902
1902 1903
1903 1904
1904
1905 1906 1913 1919 1929 1959 1960
1905 1906
1906 1907 1910
1907 1908
1908 1909 1910 1911
1909 1911 1922 1923 1924 1926 1927 1949 1950 1954 1955 1956
1909 1910
1911 1912
1912 1913 1915 1916 1917
1913 1914 1915 1919 1920 1920 1929 1930 1931 1948 1958 1962 1963
1913 1914
1914 1915 1917 1918
1915 1916
1917 1918
1919 1922 1924 1925
1920 1921 1927
1921 1922
1922 1923
1923 1924 1926 1927 1928
1924 1925
1925 1926
1926 1928 1930 1935 1940 1941
1927 1928
1928 1948 1950 1951
1929 1930 1932
1930 1931
1931 1932 1933
1932 1933 1936 1937 1938 1953 1955
1933 1934 1943 1945 1946 1947 1971 1980 1981
1933 1934
1934 1943
1935 1937 1938 1956 1962
1935 1936
1936 1937
1937 1939 1940 1942 1944
1938 1939
1939 1940
1940 1941
1941 1942
1942 1945
1943 1944 1945 1946 1954 1956
1943 1944
1944 1946
1946 1947
1947
1948 1949 1951
1949 1950
1950 1951 1952 1953 1954
1951 1952
1952 1953
1953 1954 1955
1955 1956
1957 1967 1968
1958 1962 1963 1964 1965 1966 1967
1959 1960 1961 1967 1968 1969
1959 1961 1970 1972 1974 1980 1982 1983
1960 1961
1961 1968
1962 1963 1964 1966
1963 1964
1964 1965 1967 1969
1965 1969
1965 1966
1966
1968 1969
1970 1971
1971 1972 1973 1974 1975
1972 1973
1973 1974 1978
1974 1975 1976 1977 1979
1975 1977 1978 1979
1976 1977
1977 1978 1987 1988
1978 1979
1979 1984 1986
1980 1981
1981 1983 1984
1982 1983
1983 1985 1986 1988
1984 1985
1985 1986 1987 1988 1989
1986 1987
1987 1989
1988 1989
1989
1990 1991 1992 1994 1995 1997 1998 1999
1991 1992 1996
1992 1993
1993 1994 1995 1996 2003
1994 1995 1997
1995 1996
1996 1998
1997 1999 2000 2001
1998 1999
1999 2000 2001
2000 2002 2004 2005 2006 2007
2001 2002
2002 2004
2003 2004 2005 2006
2004 2005
2005 2007
2006 2007
2007
2008 2015 2016 2017 2018 2019 2022 2047 2075 2078 2080 2092 2095 2102 2103 2104 2105 2111 2114 2119 2121 2122 2124 2125 2126
2008 2015 2016 2054 2055 2058 2075 2077 2082 2301 2302 2303 2308 2329 2331 2332 2338 2339 2340 2348 2349 2355 2356 2358 2359 2360 2419 2420 2421 2533 2534 2535
2008 2060 2061 2063 2065 2067 2073 2074 2106 2109 2120 2122 2128
2008 2012 2013 2014
2009 2010 2012 2014 2078 2098 2100 2102 2115
2009 2010 2011 2013 2099 2100 2101 2540 2566 2567 2568 2570 2573 2613 2614 2618 2619 2622 2623 2624
2009 2010
2010 2011
2011 2012 2021
2012 2013
2013 2014
2014 2020 2026 2027 2028 2029
2015 2017 2019 2025 2026 2028 2031
2016 2018 2033 2034 2037 2077 2092 2098 2100 2543 2603 2604 2607 2608 2623 2633 2634 2635 2637
2016 2017
2017 2018
2018 2019 2020
2019 2020
2020 2021 2022 2024 2033 2035
2021 2022 2023 2024 2025
2022 2023
2023 2024
2024 2026
2025 2026 2027 2028 2030 2032 2036 2041 2042 2043 2044
2025 2030
2027 2029
2028 2029
2029 2030 2031 2032
2030 2031
2031 2032
2032 2037 2039 2068
2033 2034 2035
2034 2046 2048 2050 2052 2062 2063 2073 2102 2105 2119 2120 2565 2566 2568
2034 2035
2035 2036
2036 2037 2038 2041 2044
2037 2038 2039 2047 2049 2053 2054 2060 2061 2062
2038 2040 2045 2048 2049 2050 2051
2038 2039 2040
2039 2040
2040 2042
2041 2042 2043 2045 2047 2048
2042 2043
2043 2044
2044 2045 2046
2045 2046
2046 2049 2050
2047 2048
2049 2051
2050 2051
2051
2052 2053 2057 2089 2090 2091 2092 2094 2103 2104 2106 2107 2131 2132
2052 2053
2053 2054 2055
2054 2056
2055 2056
2056 2057 2058 2067 2069 2070 2071 2072
2057 2058 2059
2058 2059
2059 2064 2065
2060 2061
2061 2062
2062 2063 2064 2066
2063 2064
2064 2065 2066 2067 2068
2065 2066
2066 2071
2067 2068 2069 2070
2068 2069
2069 2070 2072 2073
2070 2071
2071 2072
2072 2074
2073 2074
2074
2075 2076
2076 2082 2084 2088 2091
2077 2079 2080 2081 2088 2090 2099 2101 2107 2131 2136
2077 2078 2079 2080
2078 2079 2083
2079 2081
2080 2081
2081 2084 2087
2082 2083
2083 2085 2086
2084 2085
2085 2086 2087 2088 2089 2090
2086 2087
2087 2089 2093 2095 2096 2097
2088 2089
2090 2091
2091 2093
2092 2093 2094 2096
2093 2094
2094 2095 2096 2119 2122
2095 2097
2096 2097
2097 2127 2132 2134
2098 2099
2098 2099
2100 2101
2101 2106 2108 2109
2102 2103
2103 2104 2111
2104 2105
2105 2108 2110
2106 2107
2107 2108 2111 2112 2113
2108 2109 2110
2109 2110
2110 2112 2113
2111 2112
2112 2113 2114 2115 2117 2118
2113 2114
2114 2115 2116 2117 2133 2134 2135
2115 2116 2117 2123 2124 2125
2116 2126
2116 2118
2117 2118
2118 2127 2128 2129 2130 2137 2140
2119 2120 2121
2120 2121
2121 2123 2126
2122 2123
2123 2124 2127 2128 2129
2124 2125
2125 2126
2127 2130 2131
2128 2129
2129 2130
2130 2137
2131 2132 2133 2135
2132 2133 2137 2138 2139
2133 2134
2134 2135
2135 2136
2136 2137 2138 2139
2136 2138
2138 2139 2140
2139 2140
2140
2141 2276 2277 2278 2287 2330 2350 2351 2353 2354 2355 2356 2357 2389 2390 2391 2404 2405 2422 2428 2432 2442 2449 2451 2452 2466 2468 2469 2470
2141 2250 2251 2252 2253 2255 2348
2141 2316 2317 2320 2321 2349 2350 2357 2363 2392 2397 2399 2406 2412 2413 2414 2418
2141 2163 2165 2170 2181 2182 2183 2203 2272 2273 2274 2275 2287 2483 2484 2487 2532 2534 2536
2142 2153
2142 2147 2148
2143 2144 2156 2187 2200 2201 2202 2203 2204 2205 2206 2207 2209
2143 2154 2162 2212 2220 2229
2143 2145 2146 2147 2149
2144 2145 2149 2150 2151 2155 2163 2165 2166 2172 2173 2175 2177 2178
2144 2145
2145 2146
2146 2150 2152
2147 2148 2149
2148 2149
2150
2150 2151 2152
2151 2153 2154 2222 2224
2151 2152
2152 2153
2153 2154
2154 2155 2156 2157 2159 2161
2155 2157 2158
2156 2157
2157 2158 2159 2161
2158 2159 2160
2159 2160
2160 2161 2162 2184 2185
2161 2162
2162
2163 2164
2164 2167 2168 2169
2165 2166 2168 2169 2170 2187 2188 2192 2193 2194 2212 2213
2165 2166 2167
2166 2167
2167 2171 2172 2173 2175 2176 2179 2180 2181 2184 2186
2168 2174 2176 2177
2168 2169
2169 2170
2170 2175 2178 2188 2191
2171 2214 2215 2216 2223 2224 2227
2171 2174 2178 2187 2189 2190 2195 2196 2204 2213 2223 2225 2226 2228
2171 2172
2172 2173 2174
2173 2174
2175 2176
2176 2177
2177 2183 2184
2178 2179 2180
2179 2182 2184 2185 2186
2179 2180
2180 2181
2181 2182 2200
2182 2183
2183 2185
2185 2186
2186
2187 2188 2189 2190
2188 2189
2189 2190 2191 2192
2190 2191
2191 2192 2194
2192 2193 2197 2199
2193 2194
2194 2195
2195 2196 2197 2198 2199
2196 2197
2197 2198 2200 2201
2198 2199
2199 2202
2200 2201 2205 2210 2211
2201 2202
2202 2203 2207 2208
2203 2204 2206
2204 2205 2208 2209
2205 2206
2206 2207
2207 2208 2210
2208 2209
2209 2210
2210 2211
2211
2212 2213
2213 2214 2217 2218
2214 2225 2298 2324 2329 2330 2331 2345 2346 2389 2419 2449 2450 2471 2473 2475 2478
2214 2215 2217 2218 2219
2215 2216
2216 2217 2219 2220 2221
2216 2218
2218 2219
2219 2220 2221 2222
2220 2221 2223
2221 2222
2223 2224
2224 2225 2226 2227 2228
2225 2226
2226 2227 2231
2227 2228
2228 2229 2230
2230 2231
2231 2748 2749 2750 2753 2755 2756
2232 2233 2257 2261 2262
2232 2234 2249 2250 2289 2297 2298 2299 2304 2306 2316 2317 2532
2232 2240 2241 2588 2589 2590 2591 2600 2601
2232 2233 2235 2237 2238
2233 2234 2240 2241 2249 2261 2263 2559 2560 2561 2562
2233 2234
2234 2239
2235 2236 2243 2244 2621 2622 2623 2630
2235 2238 2328
2235 2236 2238 2239
2236 2237 2239 2242 2265 2267 2268
2236 2237
2237 2240
2238 2239
2240 2241 2242 2243
2241 2242
2242 2244 2245 2248
2243 2244 2245 2246 2247 2248 2269
2243 2246
2244 2245
2245 2246 2247
2246 2247
2247 2248
2248
2249 2252 2253 2258
2249 2253 2254
2250 2251 2399 2400 2407 2408 2481 2516 2518 2520 2529 2537 2538 2539 2541 2560 2561 2604 2606 2607 2609
2250 2251 2252
2251 2252 2254
2253 2254
2254 2255 2256 2258 2259
2255 2256 2257 2259 2264 2266 2562
2255 2256 2258 2260 2263
2256 2257
2257 2325 2326 2328
2258 2259 2260 2262 2264
2259 2260
2260 2261
2261 2262
2262 2263
2263 2264 2265 2268 2269
2264 2265 2266 2267
2265 2266
2266 2267 2269
2267 2268
2268 2269
2270 2271 2285 2543 2544 2545 2564 2565 2571 2572 2580 2581 2592 2596 2613 2615 2617
2270
2270 2271
2271 2272 2273 2279 2281 2282 2283 2392 2395 2396 2400 2406 2413 2420 2529 2531 2532 2533 2536 2537 2540 2543 2544 2550 2551 2553 2555 2559 2563 2564 2575 2577
2271 2275 2277 2284 2285
2272 2274 2279
2273 2286 2575 2576 2578
2273 2274
2274 2610
2275 2276
2275 2276 2277
2276 2278 2280 2281 2283
2277 2278
2278 2279 2280 2282
2279 2280
2280 2281
2281 2282 2284
2282 2283
2283 2284 2285 2286
2284 2286 2481 2490 2491 2504 2550 2555 2556 2603 2604 2605 2606
2285 2286
2287 2295 2304 2310 2311 2312 2315 2348 2366 2369 2376
2287 2289 2290 2291 2292 2293
2288 2289 2290 2292
2288 2289 2291 2297 2299 2301 2302 2304 2305 2310 2312 2314 2332 2333 2334 2337 2344 2351 2358 2366 2368 2374 2375 2481 2482 2486 2493 2515 2516 2519 2520 2521 2526 2527
2288 2290
2290 2291
2291 2293 2294 2295
2292 2293
2293 2294 2296
2294
2294 2295 2296 2480 2490 2495 2497 2498 2515 2523
2295 2296
2296 2423 2425 2426 2434 2436 2442 2454 2462 2463 2471 2472
2297 2298 2300 2301
2298 2299
2299 2300
2300 2301 2303
2300 2302 2310
2302 2303
2303 2305 2306 2307 2308
2304 2305 2307
2305 2306 2309 2312 2313 2314 2319 2407 2409
2306 2307
2307 2308 2309
2308 2309
2309 2311
2310 2311
2311 2313
2312 2313
2313 2314 2315 2318
2314 2315
2315 2316
2316 2317 2318 2319 2320 2322
2317 2318
2318 2323 2324 2326 2327 2328
2319 2321 2322 2347
2319 2320
2320 2321 2323 2325 2326
2321 2322
2322 2323
2323 2324
2324 2326 2327
2325 2329 2333 2393 2399 2401 2402 2404 2406 2480
2325 2327
2327 2328
2329 2330 2336
2330 2331
2331 2334 2335 2336 2345 2346
2332 2335 2480 2527 2530 2578 2586 2587 2589 2594 2600 2618
2332 2333
2333 2334
2334 2335 2343
2335 2336 2341 2342
2336 2337 2338
2337 2338 2340 2342 2355 2356 2358 2359
2337 2339
2338 2339
2339 2340 2341
2340 2341 2343 2344 2345 2362 2363 2380
2341 2342
2342 2343
2343 2344
2344 2347
2345 2346 2347 2361 2363 2364
2346 2347
2348 2349
2349 2350
2350 2352
2351 2352
2352 2354 2355
2353 2357
2353 2354
2354 2361 2362 2365 2370
2356 2357
2358 2359 2365
2359 2360
2360 2361 2385
2361 2362
2362 2364 2369
2363 2364
2364 2366 2367 2383 2384
2365 2366 2367 2372 2377 2380 2381
2365 2367 2368
2367 2368
2368 2369 2370 2371 2373
2369 2370 2371
2370 2371 2372 2373 2374 2376 2384 2386 2388
2371 2372
2372 2373 2374
2373 2375 2377 2378
2374 2375
2375 2377 2378 2379
2376 2377 2379
2376 2378 2380 2382
2378 2379
2379 2381
2380 2381 2382 2383 2385 2387
2381 2382
2382 2383
2383 2384 2385
2384 2386
2385 2386 2387 2388
2386 2387
2387 2388
2388
2389 2390 2392 2394 2395
2390 2396
2390 2391
2391 2397 2398
2392 2393 2394
2393 2394 2396
2394 2395 2397 2419 2420 2449 2461 2479
2395 2396
2397 2398
2398 2439 2440 2442 2478
2398
2399 2400 2401 2402 2403 2404 2414 2415 2416 2417 2428 2433 2435 2450 2452 2454 2457 2458
2400 2401
2401 2403
2402 2403
2403 2405
2404 2405
2405 2408 2409 2410
2406 2407 2410
2407 2408
2408 2409 2410 2411
2409 2411 2412 2414 2416 2417
2410 2411
2411 2412
2412 2413
2413 2415
2414 2415
2415 2416
2416 2417 2418 2425
2417 2418
2418 2424 2468 2469
2419 2421 2450
2420 2421
2421 2422 2423 2426 2427
2422 2459 2460 2464 2465 2468 2473 2476 2477
2422 2423 2424 2440 2443 2444
2423 2424
2424 2425 2426
2425 2427 2429 2430
2426 2427
2427 2428 2429 2430 2431 2432
2428 2429
2429 2430 2431
2430 2431 2439 2443 2444 2446
2431 2432
2432 2433 2436 2437
2433 2434 2435 2475 2476
2433 2434 2438
2434 2435
2435 2436 2437
2436 2437 2438 2439 2441
2437 2438
2438 2439 2440 2441
2440 2441
2441 2446 2447 2448
2442 2443
2443 2445 2446 2447
2444 2445 2446 2447
2444 2445
2445 2448
2447 2448
2448
2449 2456
2450 2451 2452 2453 2454 2455 2456
2451 2453
2452 2453
2453 2455 2457
2454 2455
2455 2456 2458 2459
2456 2457 2459
2457 2458 2460 2461 2463
2458 2459
2460 2461 2462
2461 2462 2464
2462 2463
2463 2464 2466
2464 2465
2465 2467 2471
2466 2467
2467 2473 2474 2476
2468 2470 2472
2469 2477
2469 2470
2470 2478 2479
2471 2472
2472 2474 2475
2473 2474 2477
2474 2475
2476 2477
2478 2479
2479
2480 2483 2488 2491 2492 2523 2524
2481 2482 2504 2509 2512
2482 2485 2488 2537 2538
2482 2483 2484
2483 2484 2485 2486 2487 2488 2489
2484 2485
2485 2486
2486 2487
2487 2489 2499 2501 2503
2488 2490 2492 2493 2495
2489 2492 2493 2494
2489 2494 2498 2506 2513 2514
2490 2491 2495 2496
2491 2492
2493 2494
2494 2496 2497 2500
2495 2496 2497
2496 2499 2502 2503
2497 2498
2498 2499 2500 2501 2502
2499 2500
2500 2501
2501 2502 2504 2515 2517 2518
2502 2503
2503 2505 2506 2508 2509 2510 2511
2504 2505 2507
2505 2525 2526 2528
2505 2508
2506 2507 2513 2516 2517 2539
2506 2507
2507 2508 2510
2508 2509
2509 2510 2511
2510 2511 2512 2514
2511 2512
2512 2513
2513 2514
2514
2515 2522
2516 2517 2519 2520
2517 2518
2518 2519
2519 2521 2522
2520 2521
2521 2522 2524 2525
2522 2523 2524
2523 2525 2526
2524 2525
2526 2527 2528
2527 2528
2528
2529 2530 2531 2533 2534
2529 2530 2539
2530 2531
2531 2535
2532 2533
2534 2535
2535 2536
2536 2537 2538
2538 2539
2540 2542 2549 2550
2541 2543 2545 2546 2547
2541 2542
2542 2546 2547 2548 2552 2554
2544 2546 2548
2544 2545
2545 2547
2547 2548
2548 2549 2551
2549 2552 2555 2556
2550 2551
2551 2552 2553 2554
2552 2553
2553 2554
2554 2557 2558 2560 2582 2583 2609 2610 2611 2621 2622
2555 2556 2557
2556 2557
2557 2558 2559
2558 2559
2560 2562
2561 2562
2563 2567 2572 2573 2574 2588 2590
2563 2564
2564 2566
2565 2567 2569
2566 2570 2571
2567 2568 2569
2568 2569
2569 2570
2570 2571
2571 2572 2573 2576 2578 2579 2581 2583 2585
2572 2574
2573 2574
2574 2575 2593 2595 2597
2575 2576 2577
2576 2577
2577 2582 2591 2592 2603 2613 2614 2615
2578 2579 2582 2586
2579 2580 2582 2583 2584
2579 2580
2580 2581
2581 2584 2585
2583 2584
2584 2585
2585 2586 2587 2589 2593
2586 2587 2588
2587 2588
2589 2590
2590 2591
2591 2592
2592 2593 2594
2593 2594 2595 2597 2598
2594 2595 2596 2598 2599
2595 2596
2596 2597 2599 2600 2601
2597 2598
2598 2599
2599 2602
2600 2601 2602
2601 2602
2602
2603 2605
2604 2605
2605 2606 2607 2609
2606 2608
2607 2608
2608 2610 2611
2609 2611 2612 2625 2627 2628
2610 2612
2611 2612
2612 2616
2613 2614
2614 2615 2616 2619 2621 2625 2633 2636
2615 2616 2617
2616 2617
2617 2618 2619 2620 2625 2626 2628
2618 2620
2619 2620
2620 2621
2622 2624
2623 2624
2624 2626 2627 2629 2630 2631
2625 2626
2626 2627 2631 2632
2627 2628 2629
2628 2629
2629 2633 2634
2630 2632 2634 2635 2636
2630 2631
2631 2632
2632 2635
2633 2634
2635 2636 2637
2636 2637
2637
2638 2639 2665 2666 2667 2675 2676 2679 2682 2900
2638 2640 2641 2648 2650 2652 2772 2774 2839 2841 2882 2883 2884 2885 2886
2638 2767 2768 2769 2770 2877 2879 2880 2882 2884 2886 2887 2895 2896
2638 2639
2639 2641 2643 2644 2646 2651 2652 2653 2655 2670 2711
2639 2640 2650 2656
2640 2662 2663 2664
2640 2641
2641 2684
2642 2645 2665 2699 2700 2702 2703 2704 2708 2709 2718 2723 2766 2772 2784 2871
2642 2643 2646 2667 2668 2676 2677 2678 2685 2686 2687 2688 2689 2690 2691 2696 2697 2700 2701 2708 2709 2710 2713 2714 2725 2737 2739 2740 2742 2743 2744
2642 2650 2652 2660 2661 2702 2706 2902
2642 2643 2644 2645 2647
2643 2644
2644 2645
2645 2646 2647 2648 2660 2663
2646 2647
2647 2649
2648 2649 2658 2664 2677 2678 2686 2687
2648 2649
2649 2656 2657 2658 2659
2650 2651 2653 2654 2655
2651 2652 2653
2651 2654 2657
2653 2654
2654 2655
2655 2656
2656 2657 2658 2661 2662
2657 2659
2658 2659
2659 2660 2661 2663 2725 2726 2727 2729 2749 2750 2751
2660 2662
2661 2662
2663 2664
2665 2696 2699 2706 2710 2723 2725 2730 2732 2746 2747 2748 2752 2753 2762 2763 2844 2847 2871 2872 2873 2875 2877 2895
2665 2666
2666 2668 2669 2670 2671 2673
2667 2669 2670 2671 2672
2667 2668
2668 2669
2669 2672 2674
2670 2685 2687 2895 2896 2897 2899
2671 2672 2673
2672 2673
2673 2674 2675 2677
2674 2675 2679 2680
2675 2676
2676 2677
2678 2679 2681 2682 2684
2679 2680 2681
2680 2681
2681 2682 2683
2682 2683
2683 2691 2692 2693
2684 2688 2690 2693 2694 2695
2684 2689
2685 2686
2686 2688 2689
2687 2688
2689 2690
2690 2691 2692 2695
2691 2692
2692 2693 2694
2693 2694
2694 2695
2695
2696 2698
2696 2697 2698
2697 2748 2751 2823 2824 2826 2827 2856 2857 2859 2860
2697 2698
2698 2707 2723 2724 2726 2734 2735
2699 2700 2767 2817 2819 2820 2822 2834 2855 2858 2860 2867
2699 2701
2700 2701
2701 2702 2703 2705
2702 2703 2706 2707
2703 2704
2704 2705 2707 2708 2716 2718 2719 2722 2724 2727 2738
2704 2705
2705 2711
2706 2707
2708 2709 2711 2712 2713 2715 2716 2717
2709 2710
2710 2712
2711 2712
2712 2713 2716
2713 2714 2715 2717 2719
2714 2717
2714 2715
2715 2718 2719 2720
2716 2717
2718 2720 2721
2719 2720
2720 2721 2722 2734
2721 2836 2837
2721 2722
2722 2737 2739 2740 2741 2742 2743 2752 2754 2755 2764 2765
2723 2724
2724 2726 2730 2731 2732 2738
2725 2727 2728
2726 2728 2729
2727 2728 2731 2733
2728 2729
2729 2730
2730 2731
2731 2732 2733 2734 2735
2732 2733
2733 2735 2736
2734 2736 2737 2745 2747
2735 2736
2736 2740
2737 2738
2738 2739
2739 2741
2740 2741 2744
2741 2742
2742 2743 2745 2746 2757 2758 2759 2761 2764
2743 2744
2744 2745
2745 2746
2746 2747
2747
2748 2749
2749 2750 2759
2750 2751
2751 2752 2754
2752 2753
2753 2754 2756
2754 2755 2763
2755 2756
2756 2757 2758 2760 2761
2757 2892 2893 2894
2757 2758 2760
2758 2759
2759 2760 2762 2765
2760 2761
2761 2762
2762 2763
2763 2764
2764 2765
2765
2766 2769 2770
2766 2771 2824 2833
2767 2768 2769
2768 2769 2770 2771
2770 2771
2771 2777 2823
2772 2773 2817 2839 2843 2862 2872
2772 2773 2775 2795
2773 2774 2844 2849 2871 2872 2873 2900 2902
2773 2774
2774 2775 2776 2779 2781 2817 2819 2823 2824 2825 2827 2828 2829
2775 2838
2775 2814 2816
2776 2777 2822 2825 2826 2828 2829 2830
2776 2777 2778 2779 2780 2782 2821
2776 2778 2792 2794
2777 2778
2778 2780 2786 2787 2789 2791
2779 2783 2784 2785 2818 2819 2820
2779 2780 2781 2782 2783 2785 2787 2789 2790 2791 2793 2794 2798
2780 2781
2781 2782
2782 2783
2783 2784
2784 2785
2785 2786
2786 2787 2788 2791 2792 2793 2798 2799 2808 2810 2811 2818 2828 2900 2901
2786 2788 2790
2787 2788
2788 2789 2795 2797 2799 2807
2789 2790
2790 2795 2796 2808
2791 2792
2792 2793 2800 2806 2807
2793 2794
2794 2798 2799
2795 2796 2797 2800 2801 2802 2803 2804
2796 2805 2806
2796 2797
2797 2808 2809 2810 2812
2798 2800 2801
2799 2801 2805
2800 2802
2801 2802 2803
2802 2803 2804
2803 2804 2805 2806
2804 2805
2806 2807
2807 2809 2811 2812 2813 2815 2816
2808 2809
2809 2810
2810 2811 2813 2815
2811 2812
2812 2813 2814
2813 2814
2814 2815
2815 2816
2816
2817 2818 2819 2821
2818 2820 2821
2820 2821
2822 2831 2834 2836 2838
2823 2825
2824 2825 2826
2826 2827
2827 2832 2835 2837 2838
2828 2829 2830 2831
2829 2830 2832 2833
2830 2831
2831 2832
2832 2833
2833 2834 2835 2836
2834 2835
2835 2836 2837
2837 2838
2839 2840 2841 2842 2850 2852 2854 2857 2858 2864
2840 2844 2845 2846 2848 2855 2856 2859 2860 2861 2862 2864
2840 2841
2841 2842 2843
2842 2843
2843 2845
2844 2845 2846
2845 2846 2847 2848 2851 2852 2853
2846 2847
2847 2848 2849
2848 2849
2849 2850 2852
2850 2887 2889 2890 2891 2893
2850 2851
2851 2852 2853
2851 2853 2854 2855 2888 2890 2892
2853 2854
2854 2865 2868 2869
2855 2856
2856 2862 2863
2857 2858 2859 2861
2858 2859
2860 2861
2861 2863
2862 2863
2863 2865 2866
2864 2865 2866 2868
2865 2866 2867 2869
2866 2867
2867 2868 2869 2870
2868 2870
2869 2870
2870
2871 2873 2874 2876
2872 2874
2873 2874 2875 2876
2874 2875 2878 2894
2875 2876
2876 2877 2878
2877 2878
2878 2879
2879 2881 2882
2880 2881 2882 2883 2885 2887
2880 2881
2881 2883
2883 2884
2884 2885
2885 2886 2888
2886 2887
2888 2889
2889 2890
2890 2891 2893
2891 2892
2893 2894
2894
2895 2897
2896 2897 2898
2897 2898 2901 2902
2898 2899
2899 2900 2901
2901 2902
2903 2904 2913
2903 2904 2905 3088 3091 3101 3102 3124 3125 3126 3128 3129 3142 3144 3156 3157 3159 3160 3420 3422 3423 3463 3469
2903 2914 2915 3020 3021 3033 3034 3036 3051 3057 3058 3059 3141 3150 3151 3153 3154
2903 2905 2907
2904 2906 2907 2908 2912 2913 3057 3065 3068 3089 3090 3120 3122 3123 3140
2904 2905
2905 2908 2910 2911
2906 3058 3067 3223 3273 3275 3280 3298 3300 3302
2906 2909 2910 2932 2933 2994 2995 2996 3022 3024 3033 3034 3193 3194 3195 3212 3214 3219 3220 3221 3227 3228 3294
2906 2907
2907 2908 2909 2910
2908 2909
2909 2911 2912
2910 2911
2911 2912 2919 2928 2929 2930 2931 2932 2934 3000 3002 3003 3011 3037 3039 3054
2912 2913
2913 2973 2974 2976 2979 2980 2983 3013 3014 3015 3017 3019 3020 3025 3026 3027
2914 2915 2916 2920 2921 2972 2975 3037 3042 3045 3046 3047 3048 3049
2914 2916 2917
2915 2920 2978 2994 2995 3011 3012 3014 3021 3470 3471
2915 2916
2916 2917 2918
2917 2918 2920 2924
2918 2919
2919 2921 2922
2920 2921 2923
2921 2922 2923 2924 2925 2927 2935 2937 2938 2983 2985
2922 2929 2932 2933 2934
2922 2923
2923 2933 2935 2936
2924 2925 2962 2964 2966 2972 2973 3044 3471 3479 3481 3482
2924 2925 2926
2925 2926 2932
2926 2927 2928 2929 2931
2926 2927
2927 2928
2928 2930
2929 2930 2934
2930 2931
2931 2939 2942 2943 2944 2946
2933 2934
2935 2937 2941 2943 2997 2999 3010 3051 3052
2935 2936
2936 2938 2941
2937 2938
2938 2939 2940 2941
2939 2958 2959 2960 2962 2963 2965 2966 2967 2993
2939 2940
2940 2942
2941 2942 2943
2942 2944 2945 2947
2943 2945
2944 2945
2945 2946
2946 2947
2947
2948 2949 2950 2951 2952 2964 2987 2988 2989 2990 2991 2993
2948 2975 2976 2977 2992 2996
2948 2949 2952 2954
2949 2952 2956 2957
2950 2951 2991 2992
2950 2958 2962 2994 2996
2950 2951
2951 2953 2955 2957
2952 2953 2955
2953 2954 3056
2953 2954
2954 2955 2956
2955 2956 2959 2961
2956 2957
2957 2958 2960
2958 2959
2959 2960 2961 2963 2968
2960 2961
2961 2970
2962 2963
2963 2964 2965 2966
2964 2965
2965 2967 2968 2969 2970 2971
2966 2967
2967 2968 2969
2968 2969 2971
2969 2970
2970 2971
2971
2972 2973 2976 2983 2990
2973 2974
2974 2975 2978 2984 2985
2975 2977 2978 2980 2981
2976 2977
2977 2979
2978 2979 2981
2979 2980 2982
2980 2981 2982 2984
2981 2982
2982 2989
2983 2984 2986 2987 2988
2984 2985 2986
2985 2986 2987 2988
2986 2987
2988 2989
2989 2990 2991 2992 2993
2990 2991
2992 2993
2994 3033 3054 3055 3057 3058 3060 3063 3159 3161 3164 3165 3167 3168
2995 2996
2997 2998 3005 3011 3022 3038 3046 3049
2997 2998
2998 2999 3000 3001 3030 3031
2998 2999 3001
2999 3000 3004
3000 3001
3001 3002
3002 3003 3006 3032
3002 3003 3004 3005 3006 3008
3003 3004
3004 3005 3007
3005 3006 3007
3006 3007 3008 3009
3007 3008
3008 3009 3010
3009 3019 3023 3025 3050 3053
3009 3010
3010
3011 3012
3012 3013 3016
3013 3014
3014 3015 3016 3017 3018 3019
3015 3016
3016 3017
3017 3018 3020 3022 3023 3026 3028
3018 3021
3018 3019
3020 3021
3022 3023 3024 3029
3023 3024
3024 3026
3025 3026 3027 3028 3029 3030 3032
3025 3027
3027 3028
3028 3031
3029 3030 3047 3048 3054 3055 3056
3029 3030 3031 3032
3031 3032
3033 3034 3035 3036 3041
3034 3035 3037 3038 3039 3043 3045
3035 3049
3035 3036
3036 3050 3051 3052
3037 3038 3040
3038 3039 3040 3041 3043 3044 3045
3039 3040
3040 3041 3042
3041 3042
3042 3043
3043 3044
3044 3047
3045 3046
3046 3047 3048
3048 3049
3050 3052 3053 3054 3055
3050 3051
3052 3053
3053 3056
3055 3056
3057 3059 3061
3058 3059
3059 3060 3061 3062
3060 3061 3062 3063
3061 3062 3092 3101 3103
3062 3063
3063 3064 3065 3066 3070 3075 3081 3082 3087 3088 3089
3064 3066 3097 3098 3099 3134 3141 3159 3161 3163
3064 3101 3103 3125 3140
3064 3070
3065 3067 3068 3071 3072 3083 3084 3085 3141 3144 3146 3191 3198 3261 3262 3270 3271 3280 3281 3286 3287 3291 3293 3294 3295 3296
3065 3066
3066 3067 3069
3067 3068 3069 3073
3068 3069
3069 3070 3071 3072 3074
3070 3071
3071 3072 3073
3072 3073 3074 3075 3076
3073 3074
3074 3077 3078 3080 3105 3109 3110 3116
3075 3077 3078 3079
3075 3076
3076 3077 3078 3131 3133 3162 3168 3169 3171 3172 3189 3469 3472 3473
3076 3079 3080
3077 3086 3100 3110 3111 3116 3117 3118 3124
3078 3079
3079 3080 3081 3082 3083
3080 3081
3081 3082 3085
3082 3083 3084
3083 3084 3086 3087
3084 3085
3085 3086
3086 3087
3087 3479 3480
3088 3090 3131 3133 3135 3136 3149 3166 3173 3174 3175 3177 3178 3179
3088 3089 3095
3089 3090
3090 3091 3092 3093 3094 3105 3106 3107 3108
3091 3093 3094 3096 3137 3138 3139
3091 3092
3092 3093 3097
3093 3094 3095 3096
3094 3095 3097 3099
3095 3096
3096 3098
3097 3098 3099 3100
3098 3100 3102 3104 3109
3099 3100
3101 3102
3102 3103 3104 3106 3107
3103 3104
3104 3106
3105 3106 3108
3105 3107 3110 3113 3114
3107 3108
3108 3109 3111
3109 3111 3112 3113
3110 3112 3114 3115
3111 3112
3112 3113 3115
3113 3114 3116 3117 3119
3114 3115
3115 3118 3119 3120 3121
3116 3117
3117 3118 3120
3118 3119
3119 3121 3122
3120 3121 3123
3121 3122 3124 3128
3122 3123
3123 3127 3128 3129 3130
3124 3125 3126
3125 3126
3126 3127
3127 3128 3129
3127 3130
3129 3130
3130
3131 3132
3132 3136 3142 3145 3146 3147 3148 3164
3132 3133 3134 3135 3137 3138 3139 3140
3133 3134
3134 3135
3135 3136 3137 3138
3136 3137
3138 3139
3139 3140
3141 3143 3160
3142 3143
3143 3144 3145
3144 3145 3147 3148 3149 3150 3151
3145 3146
3146 3147
3147 3148 3149 3152 3154 3156 3158
3148 3152 3153
3149 3150
3150 3151
3151 3152 3155
3152 3153
3153 3154 3155 3157 3170 3172 3185 3187 3189 3424 3426 3427 3428 3438 3440 3441 3453 3456 3457
3154 3155
3155 3156
3156 3157 3158
3157 3158
3158 3175 3178 3179 3180 3181
3159 3160
3160 3161 3162 3163 3175
3161 3162
3162 3163
3163 3164 3165 3166 3167
3164 3165 3168
3165 3166
3166 3167
3167 3169 3170 3171 3174
3168 3169
3169 3170 3173
3170 3171
3171 3172
3172 3173 3176 3177 3179 3185 3186 3188
3173 3174
3174 3185 3751
3175 3177
3176 3178 3180 3181 3184 3186 3187 3188
3176 3183 3184 3190
3176 3181 3182
3177 3178
3179 3180
3180 3182
3181 3182
3182 3183
3183 3188 3190
3183 3184
3184
3185 3186 3189 3190
3186 3187
3187 3188
3189 3190
3191
3191 3194 3195 3197 3198 3200 3205 3208 3240 3242 3243 3244 3297
3192 3193 3233 3234 3236 3255 3256 3257 3261 3263 3265 3266 3273 3467 3469 3470 3472 3473 3475 3476
3192 3195 3196 3216 3233 3246 3255 3258 3259 3260 3267 3268 3269 3271 3293 3295 3298 3299
3192 3206 3210 3211 3240 3242 3246 3247 3256 3258 3261 3263 3266 3273 3279 3286
3192 3193
3193 3194 3201
3194 3196
3195 3196
3196 3197
3197 3199 3201 3202 3203 3204
3198 3199 3200
3199 3200
3200 3201 3202
3201 3203 3205 3206 3207
3202 3204
3203 3204
3204 3205 3206 3218 3228
3205 3207
3206 3207
3207 3208 3209 3211
3208 3209 3210 3212 3215 3234 3235 3237 3238 3246 3274 3275 3276 3278 3282
3209 3210
3210 3211
3211 3219
3212 3213
3213 3214 3215 3217 3218 3308 3311
3214 3215
3215 3216
3216 3217
3217 3219 3220 3221 3222 3223 3224 3225 3226
3218 3219 3221
3218 3220 3224 3226
3220 3222
3221 3222
3222 3223 3224
3223 3225 3227 3230 3231
3224 3225
3225 3226
3226 3229
3227 3228
3228 3229 3230
3229 3230 3231
3230 3231 3232
3231 3232
3232
3233 3235 3236 3243 3244 3245
3233 3234 3237 3239
3234 3235
3235 3236
3236 3238 3239 3244 3247 3248 3249
3237 3245
3237 3238
3238 3239
3239 3247 3249 3250 3251 3253 3254
3240 3241 3243 3257 3258 3260 3262
3240 3241
3241 3301 3303
3241 3242 3245
3242 3243
3244 3245
3246 3248 3250
3247 3248
3248 3249 3251 3252 3263 3264 3265
3249 3250
3250 3252 3253
3251 3254 3279 3280 3281 3282 3283 3284 3285
3251 3252
3252 3253 3285
3253 3254
3254 3259
3255 3256
3256 3257
3258 3259
3259 3260
3260 3267 3269 3270
3261 3262
3262 3264
3263 3264
3264 3265 3268
3265 3266
3266 3267
3267 3268
3268 3269
3269 3270 3272
3270 3271 3272
3271 3272
3272
3273 3274 3276
3274 3304
3274 3275 3276 3277 3278 3287 3289 3290 3291 3292
3275 3277
3276 3277
3277 3278 3279
3278 3279
3280 3281 3283 3284 3286 3288 3289
3281 3282
3282 3283
3283 3284
3284 3285
3285 3288
3286 3287
3287 3288 3290 3291
3288 3289
3289 3290
3290 3292
3291 3292
3292
3293 3294 3296 3297
3294 3295
3295 3296
3296 3298
3297 3298 3299 3300 3302 3304
3297 3299 3301
3299 3300 3301
3300 3301
3302 3303 3304
3303 3304
3305 3306 3307 3342 3343 3418
3305 3307 3314 3325 3327 3372 3374 3375 3380 3382
3305 3306
3306 3314 3316 3318 3319 3321 3322 3328 3329 3334 3338 3376 3377 3394 3395 3396 3397 3398
3306 3307
3307 3315 3316 3322 3323 3338 3339 3340 3341 3344 3346 3352 3355 3358
3308 3309 3320 3321 3322 3324 3325 3326 3336 3339 3342
3308 3309
3309 3310
3310 3311 3312 3328 3330 3331 3333
3311 3312 3313
3312 3335
3312 3313
3313
3314 3315 3325
3315 3338 3339 3340 3352 3353 3354 3363 3375 3376 3378 3397 3410 3411
3315 3316 3317 3318
3316 3317
3317 3319
3318 3320
3319 3320
3321 3323
3322 3323
3323 3324 3326 3327
3324 3326
3325 3327 3329
3326 3337
3327 3328 3331 3332 3335 3336 3337
3328 3329 3330
3329 3330
3330 3331
3331 3332 3334 3336
3332 3333 3337 3400 3401 3403 3404
3332 3333
3333 3334 3335
3334 3335
3336 3337
3338 3341
3339 3340 3343
3340 3341
3341 3342 3344 3345 3346 3347 3349 3361
3342 3343
3343 3347 3349 3351 3364 3365 3369
3344 3384 3386 3387 3390 3391
3344 3345 3348 3360 3362 3363
3345 3349 3350
3345 3346
3346 3350 3351
3347 3348
3348 3349 3350
3350 3351
3351 3355 3356
3352 3353 3373 3380 3417
3352 3353 3356 3357
3353 3354
3354 3357 3359 3387 3402 3405
3354 3355
3355 3356
3356 3357 3358 3359
3357 3358 3360 3361 3362
3358 3359
3359 3360
3360 3361 3367
3361 3362
3362 3363 3365 3366 3367 3368 3371
3363 3364
3364 3366 3367 3369 3370
3365 3366
3366 3368
3367 3368
3368 3369 3370 3371
3369 3370
3370 3371
3371
3372 3388 3390 3391 3393 3400 3401 3418
3372 3373 3374 3376 3378
3373 3374
3374 3383
3375 3377 3378 3379
3376 3377
3377 3379 3381 3383 3385
3378 3379
3379 3380 3381 3382 3384 3385 3386
3380 3381 3383
3381 3382
3382 3385 3387
3383 3384
3384 3385 3386
3386 3387
3388 3389 3391 3392
3388 3389 3394 3396
3389 3394 3395 3414 3415
3389 3392 3393
3390 3391 3392
3392 3393
3393 3395
3394 3397 3398 3399 3407 3409 3417
3395 3396
3396 3400
3398 3414 3416
3398 3399
3399
3400 3401 3402 3404 3406 3407 3408
3401 3402 3403
3402 3403 3405 3406 3408 3409 3410
3403 3404
3404 3410 3412 3413 3414
3405 3410 3411 3412
3405 3406
3406 3407
3407 3408 3411
3408 3409
3409 3413
3411 3412
3412 3413 3415
3413 3414 3415 3416
3415 3416
3416
3417 3418
3419 3420 3422 3432 3441 3442 3458 3459 3460
3419 3427 3428 3430 3436 3437 3466 3468
3419 3424 3437 3438 3440 3448 3468
3419 3420 3421 3423
3420 3421
3421 3476 3477
3421 3422 3425
3422 3423
3423 3424 3425 3426
3424 3425 3431 3432 3433 3441 3443 3452
3425 3426
3426 3440 3481 3482
3427 3428 3429
3428 3429 3430 3431
3429 3434 3435 3478
3429 3430
3430 3431 3433
3431 3432 3435 3436
3432 3433
3433 3434
3434 3435
3435 3436 3439 3454
3436 3437
3437 3438 3439
3438 3439
3439 3442 3443 3444 3445
3440 3442 3447
3441 3443 3446
3442 3444 3445
3443 3444
3444 3445 3446 3447 3448 3449 3451
3445 3446
3446 3450 3451
3447 3448
3448 3449 3450
3449 3450 3452
3450 3451
3451 3452 3453 3454 3455 3456 3458 3459 3461
3452 3453
3453 3454 3455
3454 3455 3456
3455 3457 3458
3456 3457
3457 3460 3461
3458 3459
3459 3460
3460 3461
3461
3462 3480
3462 3463 3464 3466
3463 3465 3466 3467
3464 3465
3465 3466 3467 3468
3467 3468
3469 3470
3470 3471 3474
3471 3472
3472 3473 3474
3473 3474 3475 3476 3477
3474 3475
3475 3477 3478
3477 3478
3479 3480
3480 3481
3481 3482 3483
3482 3483
3483
3484 3485 3487 3490 3505 3506 3509 3548 3550 3576 3577 3578 3579 3601 3602 3673 3675 3698 3700 3702 3704 3705 3706 3707 3709 3717 3722 3723 3733 3736 3737
3484 3489 3559 3560 3561 3567 3568 3569 3672 3680 3694
3484 3553 3554 3563 3565 3571 3573 3576 3577 3656 3691 3692 3693
3484 3495 3496 3499 3522 3523 3524
3485 3486 3487 3488 3549 3550 3551 3559 3723 3724
3485 3502 3503 3505 3552 3553 3557
3485 3486 3488
3486 3552 3557 3558 3560 3576 3643 3644 3656 3660 3691 3692
3486 3487
3487 3488 3489 3529 3534
3488 3489
3489 3544 3545 3546
3490 3491 3492 3552 3570 3571 3572 3573 3575 3580 3581 3589 3590 3592 3607 3634 3657 3658 3669 3670 3697 3710 3711 3714 3715 3716
3490 3491 3511 3512 3523 3540 3542 3559 3561 3562 3564 3565 3577 3579 3603 3605 3606 3612 3635 3636 3638 3658 3676 3693 3695 3696 3721 3734 3739 3740 3752
3490 3491 3492 3493
3491 3492 3494 3496 3497 3498
3492 3493
3493 3494 3502 3503 3522 3540 3727 3751
3493 3495
3494 3495 3500 3522 3524 3525 3532 3533 3541 3542 3543 3558
3494 3496 3498
3495 3497
3496 3497
3497 3498 3499 3500 3501 3502
3498 3499
3499 3500
3500 3501
3501 3502 3503 3504
3501 3504 3505 3507 3544
3503 3504
3504 3514 3517
3505 3506 3508
3506 3507 3515 3526 3527 3547 3560 3561
3506 3507 3508 3511 3513
3507 3508
3508 3509 3510 3511
3509 3511 3512 3514 3515
3509 3510
3510 3518 3548 3549 3550 3554 3555 3556 3578 3581 3582 3584 3589 3656 3657 3658 3659 3661 3670 3721 3722 3724 3751 3752
3510 3512 3513
3512 3513
3513 3514 3515 3516 3519 3521
3514 3516 3519
3515 3516
3516 3517 3518 3519 3520
3517 3519 3520 3532 3533 3535
3517 3518
3518 3520 3521
3520 3521
3521
3522 3523 3524
3523 3525 3527 3528 3529 3530 3531
3524 3525
3525 3526 3528 3530 3540 3541 3542
3526 3532 3545 3547
3526 3527
3527 3528 3531
3528 3529
3529 3530 3536 3537 3538
3530 3531
3531 3536 3539
3532 3533 3534
3533 3534 3535 3537
3534 3535
3535 3536 3538 3539
3536 3537
3537 3538
3538 3539
3539
3540 3541
3541 3543 3544 3546 3547
3542 3543
3543 3545 3546
3544 3545
3546 3547
3548 3722 3726 3730 3732 3741 3744 3746 3747
3548 3549
3549 3551 3557
3550 3551
3551 3554 3555
3552 3553 3554 3555
3553 3556
3555 3556
3556 3558
3557 3558
3559 3562 3563
3560 3562 3570
3561 3566 3567 3568
3562 3563 3564
3563 3564 3566
3564 3565
3565 3567
3566 3567 3568
3566 3569 3571
3568 3569
3569 3572
3570 3573 3574
3570 3574 3575
3571 3572
3572 3573 3574
3574 3575
3575
3576 3581 3582 3583
3577 3578 3580
3578 3579
3579 3583 3584
3580 3590 3633 3665 3671 3681 3683 3685 3691
3580 3585
3581 3582
3582 3583 3585 3587
3583 3584
3584 3586 3588
3585 3586 3587 3591 3594 3597 3598 3603 3633 3634 3636 3637 3638 3672 3673 3674 3675 3682 3694 3713
3585 3586
3586 3587 3588 3589 3591
3587 3588
3588 3591 3599 3602
3589 3590 3592 3593
3590 3592 3593 3594 3595
3591 3593
3592 3594 3596
3593 3595 3596 3597
3594 3595
3595 3596 3598 3599 3603 3604 3627 3646 3647 3649
3596 3597
3597 3598 3599 3600
3598 3600 3601
3599 3600
3600 3601 3646 3647 3648 3650 3651 3652
3601 3602
3602 3672 3673 3676
3603 3604 3605
3604 3606 3618 3624 3645 3646
3604 3605 3608 3612 3613 3617
3605 3606
3606 3608 3609 3610 3611 3621 3623 3624 3626
3607 3609 3611
3607 3612 3613 3614 3615
3607 3610 3615 3616 3618 3620
3608 3609 3668 3669
3608 3609 3610
3610 3611
3611 3613
3612 3614 3616 3629 3641 3645
3613 3614
3614 3615
3615 3616
3616 3617 3618 3619 3620 3621 3627 3628 3653 3655
3617 3640 3652 3664 3665 3667 3669
3617 3620
3618 3619
3619 3621 3622
3619 3622 3623 3624 3625 3626
3620 3621 3622
3622 3623
3623 3625
3624 3625 3627 3628 3629
3625 3626
3626 3631 3632
3627 3628 3630
3628 3629 3630 3631
3629 3630 3631
3630 3632
3631 3632
3632
3633 3634 3635 3640 3641
3634 3635
3635 3636 3639
3636 3637
3637 3638 3639 3640 3642 3644
3638 3639
3639 3641 3642
3640 3642 3643
3641 3643 3644 3645
3642 3643
3644 3645
3646 3647 3649
3647 3648
3648 3670
3648 3649 3650 3651 3653
3649 3650
3650 3651 3654
3651 3652
3652 3653 3654
3653 3654 3655 3743 3745 3746 3747 3750
3654 3655
3655
3656 3657
3657 3660 3661 3662 3663
3658 3660 3662 3664 3666 3667
3659 3661 3663
3659 3662 3667 3668
3660 3661
3662 3663
3663 3664
3665 3666
3666 3668
3667 3668
3669 3670
3671 3686 3687 3689
3671 3720
3671 3688 3690
3672 3677
3673 3674 3676 3677
3674 3677 3678 3679 3681 3684 3687
3674 3675
3675 3678 3679 3680
3676 3677
3678 3688 3689 3690 3713 3714 3715 3718 3719 3720
3678 3679 3683
3679 3680
3680 3683 3684 3685 3686
3681 3682 3684 3686 3687
3681 3682
3682 3685
3683 3684
3685 3686
3687 3688
3688 3689
3689 3690
3690
3691 3692 3704 3705
3692 3693
3693 3705 3708 3710
3694 3695 3698 3701 3711 3712 3714 3716
3695 3696 3698
3696 3697
3697 3699 3700
3698 3699 3701 3702 3703
3699 3700
3700 3701 3703
3701 3702 3704
3702 3703
3703 3706
3704 3707 3708 3709
3705 3706
3706 3707
3707 3708 3710
3708 3709
3709 3711 3717
3710 3712 3713
3711 3712
3712 3714
3713 3715
3715 3716
3716 3717 3718
3717 3718 3720
3718 3719 3733 3735
3719 3720
3721 3723 3725
3721 3724 3725 3726 3727 3730 3731
3722 3723
3724 3725
3725 3726
3726 3729
3727 3728 3729 3730 3735 3752
3727 3728
3728 3730 3731 3732
3728 3729
3729 3731 3733 3734 3739 3749
3731 3732
3732 3735 3737 3741 3742
3733 3734
3734 3736
3735 3736 3737 3738
3736 3738 3740 3742 3743 3744 3745
3737 3738
3738 3739
3739 3740
3740 3741
3741 3742
3742 3743
3743 3744 3748
3744 3745
3745 3746
3746 3747 3748 3749 3750
3747 3748
3748 3749
3749 3750
3750
3751 3752
3753 3836 3840 3841 3844 3845 3852 3873 3874
3753 3757 3761 3798 3854 3859 3975 3978 3979 3988 3989 3990 3991 3993
3753 3754
3754 3755 3764 3766 3785 3787
3754 3763 3765 3770
3755 3756 3780 3781 3813 3815 3816 3818 3861 3868 3910 3939 3941 3942 3943 3960 3962 3963 3975 3976 3977 3979 3980 3987 4058
3755 3758 3760
3756 3757 3758 3759 3762
3756 3758 3759 3760 3768 3769 3779 3798 3799 3801 3803 3805 3809 3810 3812 3819 3820 3821 3823 3833
3756 3757
3757 3759
3759 3760
3760 3761 3763 3765 3767
3761 3762
3762 3764
3763 3764
3764 3765 3766
3765 3766 3767 3768 3771 3786 3791
3766 3767
3767 3768 3769
3768 3769
3769 3776
3770 3772 3773 3774
3770 3772 3776 3794 3795 3796 4038
3770 3773 3774 3775
3771 3775 3776 3777
3771 3772
3773 3774
3774 3775
3775 3777 3778
3776 3777 3778 3782 3783 3797 3798 3799 3802 3805 3807 3858 3916 3917 3945 3946 3949 3950 3951 3973 3977 3980 3981 3987 3988 3992 3994 4004 4006
3777 3778
3778
3779 3780 3781 3782 3783 3794 3795 3802 3814 3863 3864 3865 3866 3878 3883
3779 3783 3784 3785
3779 3780 3784 3785
3780 3781
3781 3784 3792 3793
3782 3783
3784 3785
3786 3789 3790 3797 3799 3800 3802 3804 3855
3786 3787 3819 3820 3822 3832 3861 3862 3863 3870 4021 4023 4026 4028 4032 4052 4054
3786 3787 3788
3787 3788
3788 3789 3791 3795 3796
3789 3790
3790 3791 3792 3794
3791 3792 3793
3792 3793
3793 3794
3795 3796
3796
3797 3854 3855 3857 3858 3859 3888 3892 3893 3900 3901 3902 4022 4023 4025 4027 4045 4050
3797 3798
3799 3800
3800 3801 3810 3811
3800 3801
3801 3811 3812 3818 3829 3830
3802 3803 3805
3803 3804 3806 3807
3804 3805 3806 3807 3808
3804 3806 3809
3806 3808
3807 3808
3808 3810 3811
3809 3815 3817 3822 3823 3830 3831 3841 3842 3844
3809 3810
3811 3812
3812 3835 3836 3838
3813 3814 3815
3814 3815
3816 3817 3818 3820
3816 3817
3817 3827 3829 3831
3818 3821 3823 3824 3826 3828
3819 3822 3824
3820 3821
3821 3824 3825
3822 3823 3825
3824 3825 3826
3825 3826
3826 3827 3828
3827 3828
3828 3829 3835 3836 3837
3829 3830
3830 3831
3831 3832
3832 3833 3835 3838 3845 3848 3849 3850 3852
3833 3834 3843 3844 3845 3846 4008 4009
3833 3834
3834 3850 3851 3853
3835 3837
3836 3837
3837 3838 3839 3841 3843
3838 3839
3839 3840
3840 3842 3847
3841 3842 3843
3842 3843
3844 3846 3847
3845 3846
3846 3847 3848 3849
3847 3848
3848 3849 3850
3849 3851
3850 3851
3851 3852 3853
3852 3853
3853
3854 3855 3856 3858 3860 3875
3855 3856
3856 3857 3859
3856 3857
3857 3862
3858 3859
3860 3867 3868 3870 3875 3876 3877
3860 3870 3871 3873 3874 3875 3877 3887 3889 3890
3860 3872 3874
3861 3865 3866
3861 3867 3868 3869
3862 3865
3863 3864 3866 3867
3864 3865
3866 3867
3868 3869
3869 3870 3871
3869 3871 3872 3873
3871 3872
3872 3873
3874 3876 3892 3894
3875 3876
3876 3877
3877 3888 3889
3878 3908 3916 3920 3942
3878 3879 3880
3879 3881 3884 3892 3895 3896 4051 4064 4066 4087
3879 3885 3886 3887
3879 3880
3880 3881 3882 3884 3885 3887 3888 3900
3881 3882
3882 3883
3883 3884
3884 3885
3885 3886
3886 3889 3890 3891 3900 3903
3886 3887
3888 3890 3893 3894 3895
3889 3891
3890 3891
3891 3896 3897
3892 3893
3893 3894 3896 3897 3899
3894 3895
3895 3897 3898 3899
3896 3898
3897 3898
3898 3899
3899 3901 3902
3901 3902 3903
3902 3903
3903
3904 3905 3915 3956 3958 3977 3978 4052 4055 4057 4070 4071 4072
3904 3905 3906 3916 3917 3919 3947 3956 3982 3985 3986 4062 4063
3904 3912 3913 3919 3920 3922 3924 3929 3931 3945 3949 3951 3952 3954 3983 3988 3991
3904 3906
3905 3907 3912 3922 3924 3925
3905 3906
3906 3907
3907 3908 3909 3911 3945 4020 4055 4071 4073 4084 4086
3907 3908 3909 3910 3911
3908 3909 3913
3909 3910
3910 3911
3911 3912 3913 3914 3915
3912 3914
3913 3914
3914 3915
3915 3920 3921 3923 3926 3928 3930 3931 3934 3935 3937
3916 3918
3917 3918 3919 3929 3932 3933 3982 3984 3985 3998 3999 4001 4002 4005 4009 4011 4012 4013 4014
3917 3918
3918 3921
3919 3925 3926 3927 3928 3929 3930
3920 3921
3921 3922 3923
3922 3923
3923 3924
3924 3925 3926
3925 3927 3932
3926 3927
3927 3928
3928 3935 3936 3937 3940 3941 3942 3943 4024 4025 4026 4029 4030 4032 4034
3929 3930
3930 3931
3931 3932 3933 3934 3936 3938
3932 3933
3933 3934
3934 3935
3935 3936
3936 3937 3938 3939 3940 3944
3937 3938
3938 3939
3939 3940
3940 3941
3941
3942 3943 3944
3943 3944
3944
3945 3946
3946 3948 3956 3957 3959 3965 3966 3976 3979 3980 3982 3983 3989 3990
3946 3947 3949
3947 3948 3953 3954 3955 3965 3967
3947 3948
3948 3955
3949 3950
3950 3952 3954
3951 3952 3953
3952 3953
3954 3955
3955 3960 3962 3963 3969 3970 3971
3956 3957 3958 3961
3957 3961 3963 3964
3957 3958 3959
3958 3959
3959 3962 3965
3960 3961
3962 3964
3963 3964
3964 3966 3967 3968 4014 4017 4018
3965 3966
3966 3967
3967 3968 3969 3974
3968 3969 3971 3972 3973 3974
3968 3973
3969 3970 4009 4010 4011
3970 3972 3974
3970 3971
3971 3972
3972
3973 3974
3975 3983 3984 3985
3975 3976
3976 3981
3977 3978
3978 3979
3980 3981
3981 3984
3982 3983
3984 3986
3985 3986
3986 3999 4000
3987 3988 3989 3998 4000 4001 4004
3987 3992 3993 3995 3997
3989 3990
3990 3991
3991 3992 3994
3992 3993
3993 3994 3995 3996 3997
3994 3995
3995 3996 3998
3996 4000 4002 4003
3996 3997
3997 4001 4002 4010 4012
3998 3999
3999 4000
4001 4003
4002 4003
4003 4004 4005 4006 4007 4015 4016 4017 4018
4004 4005 4007 4008 4010 4013
4005 4006
4006 4007
4007 4008
4008 4009
4010 4011
4011 4012 4015 4017
4012 4013
4013 4014 4015
4014 4016
4015 4016
4016 4019
4017 4018 4019
4018 4019
4019
4020 4021 4037 4038 4043 4050 4061 4067 4087 4089
4020 4022 4051
4020 4021
4021 4022 4026 4027
4022 4023
4023 4024
4024 4025
4025 4028 4029 4030
4026 4027
4027 4029
4028 4029 4031
4028 4030 4031 4033 4035 4039 4042
4030 4031
4031 4033 4034 4035 4036
4032 4033
4033 4034 4036
4034 4035 4039 4040 4041
4035 4036
4036 4037 4039 4041 4042 4047 4048
4037 4043 4044 4045 4046 4050 4051 4054 4060 4072 4078 4079 4081 4086
4037 4038
4038 4040
4039 4040
4040 4041 4043 4045
4041 4042
4042 4044
4043 4044
4044 4046 4048
4045 4046 4047 4048 4049
4046 4047
4047 4049
4048 4049
4049
4050 4051
4052 4053 4054 4056
4053 4058 4059
4053 4054
4055 4056 4058 4059 4060
4056 4057
4057 4058 4059
4059 4060
4060 4061 4062 4088 4089 4090 4091 4092 4094
4061 4063 4064
4062 4063
4063 4065 4066
4064 4065 4068
4065 4066
4066 4067 4069
4067 4068
4068 4070 4074 4079 4080 4081
4069 4072 4074 4075 4077
4070 4071
4071 4073 4075 4076
4072 4073
4073 4074 4076
4074 4075
4075 4076 4077 4078 4080
4076 4077
4077 4078
4078 4079
4079 4080 4082 4083
4080 4081 4082 4083 4084 4085 4086 4087
4081 4082
4082 4083 4085
4083 4084 4093 4094
4084 4085
4085
4086 4088 4091 4095
4087 4088 4090
4088 4089
4089 4090 4092
4090 4091
4091 4092 4093 4095
4092 4093 4096
4093 4094
4094 4095 4096
4095 4096
4096
