5428 4809
1 58 59 60
1
1 17 28
2 4036
2 14 15
2 2095 2096 2097
2 3
3
3 4
4 4024
4 5 220
5
5 4010
5 6
6 7 8 177
7
7 27
7 8 49
8 9
9 10 12
10 15 4036
11 51 53
11 12
12 4018
12 13 15
13 65
13 16 35
14 25 34 4037
15 133
16
16 17
17 18 20 179
18 222
18 4013
19 50 52
19 70 71
19 20 87
20 21 23 24 42
21 22
21 22 170
22 23
23 74
23 24 129
24 38
25 74 4042
26 29 67 4037
26 27 59
28
28 30
29
29
29 30 118
30 31 33 205
31 4038
31 52
32 54
32 3867 3868 3872
32 33 63
33 38
33 177
34 117 4039
35 36 38
36 209
36 176 177
36 4038
37 583 4203
37
37 38 44
39 67 68
39 40 47 138
40 4022
40 41 163
41 4028
41
41 42 58
42 4040
43 4019
43 62
43 1357 4313
43 44 50
44
44 45
45
45
45 46 73
46 1607
46 47 70
47 493 495
47 176
48
48
48 49 107
49
49 50
50 4014
51
51
52 66 70
52 54
53 54 56
55
55
55
55 57 63
56 4017
56 57 72
57 4035
57 60
58 72 4042
59 64 2789
60
60 62 66
61
61
61 62 68
62 69 71
63
63 65 1079 4041
64
64 65 120
65 1876 1877 1878 1945
66 4021
66 4026
67 4051
67 4041
68
68 69
71 73 1784
73 74
74
75 1847 1852 2048
75 94 4046
75 217 218
75 77 220
76 103 104
76 77 83 168
77 147
78
78
78
78 83 90 4044
79 124 125 127
79 4012
79 80 159
80 81
81 4045
81 82 102
82 83
83 86 135
84 104 4043
84 4006
84 86 88
85 2350 2351 2352
85 86 90
86 87
87 89 171
88 89 181
89 3856
90 91 192
91 107
91 92 93
92 3803 3820 3821 3823
92 93 4045
93 94 108
94 1472 1473 1480 1484
94 179 4047
95
95
95
95 96 103 199
96
97 221 222 224
97 4007
97
97 99 100 228
98 4032
98 104 105 106
98 99 198
99 215 4060
99 109 156 207
100 101 199
101 4015
101 105
102
102 4005
102 107
103 200 204 4059
103
104 1842 4473
105
105 110
106 3006 4682
106 4047
106 107 112
108 109 110
109
109 206
110 4025
110 111
111 113 216
112 4008
112 113 2864
113
113 114 236
114 115 218
115 4001
115 217
116 4040
116 117
117 4004
117 118 120 221
118 4057
118 119 221
119 146 3377
120
120 210 4048
121 125
121 122
122
122 123 127
123 4049
123 126
124
126 127 132
127 128 4049
128 1850 4520
128
128 129 130 135
129
129 133
130
130 131
131 132
132 348
133 150 193 4055
133 134 136 4023
134 135 137 225
134 139
135
136 147
136 137 140
137
137 4046
138 204 205
138 4020
138 142 144 4016
139 142 803
140 141 4027
141 951 4050
141 143 4053
142 143
143 229
144 145 214
145
145 147 211
146 216 217
146 147 4011
148 180 4053
148
148 149 150 158 3641
149 186 190
149 168 169
149
150 165 166 3793
150 151 155 198
151 162 174 176
151 173
151 152 2132
152 156 191 3893
153 184 186 192
153 172 173 174
153 177
153 154 188 222
154 188 189
154 155 175
155 163 164
155
156 179 180
156 174 4051
157
157 191 192
157 158 185
158 193
159 160 163 193
160 162 166
161 226 227 229
161 1819 1820
161 162 4052
164 178
165
166 173 219
167 179 4052
167 168
168 4031
169 170 171
170 3085 3086 3088
170
171 172 211
172 234 235
172 4044
174 175 3657
175 191
176 223 224
178 201 203
178 180 187 204
180 1572
181 187 189
181 182 188
182 183
183 184 188
185 189
185 200 4058
185 186 4064
190 212 213 216
190 195 4054
192 4009
193 194 4058
194 195 4002
195 4003 4056
196 1827
196
196 197 235
197 238
197 202 3139
198
198 199 201 234
199 210 4057
200
201 4039
201 234 4064
202 203 205 206 230
203 213
205 224
206 207 208
207 208
208 235 236 4065
208 209 4055
209 213
210 212 3389
211 212 225
212 4065
214 236 237
214 215 226
215 3390 3391
216 4059
217 232 4060
218 4030
219 221 3962
220 232 233 238
220 222 235
223 4056
224 231 4061
225 226
227 422 4062
228 4033
228 230 1265
229 232 4063
229 230
230 4063
231 233 4029
233 4034
234 4061
236
237 238
239 253 255 4118
239 249 252
239 245
240 251 252
240 298 299
240 241 258
241 309
241 291
241 245 256
242 272 273
242 244 300
243 285 286
243 244 259
244 319 321
244 245 248 331
245 246 315
246 274 276 280
246 247 294
247 327 328 329
247 270
248 323 4117
249 284
250 1271 4287
250 1169 1170 1174 1193
250 251 1046
251 4107
251 1036 1217 4265
252 938 4243
252 320 4118
253 284 4119
254 372
254 255 4106
255 256 4109
256 1266 1268
256 4102 4120
257 282 283
257 261 265
258 484 485
258 1609 1610 1614
258 259 263 265
259 1032 1034
259 260 283
260 268 269
260 4105
260 261 264
261 271
262 267
262 263 277
263 266 267 269
263 273
264 1340 4312
264 266 282 1502
265 4097
265 267 850
266 323 324 327
267 289 290 302
268 4098
269 1079
269 270 274 1145
270 803 1378 4326
270 1290 4121
271 4101
271 272 1179
273 409 410
273 274 1113
274 1460 1461
275 1214 4292
275 604 605
275 276 1437
276 1130
276 1128
277 755 756 758
277 278 415
278 468 470
278 279 281 821
279 1418
279 4103
280 281 1202
281 945
282 4120
283 284 510
285 288 289
286 288 4122
286 291 4123
287 797
287 321
287 291 4122
288 4115
288 1086 4272
289 978 979
290 1517 1518 1519
290 291 317
292 4108
292 1651 4384
292 293 298
293 294 301 992
294 295 4124
295 327
296 4116
296 297 310 1043
297 1395 1396 1398
297 1313 1314
297 299 322
298 1304 1305 1307
298 4100
299 323
300 313
300 561
300 301 763
301 1400 1405
301 303 322
302 1231 1232
302 4117
302 303 306 324
303 1778
304 4110
304 305 308 316
305 314 315
305 4134
305 306
306 4376
306 307 316
307 328
308 309
309 312 313 315
310 583 586 595 1618
310 317 318
310 311 346
311 4113
312 1238 4124
312 1104 1105
313 1669 1675 1730 4366
314 1488 1489
314 4123
314 318 332 4125
315 1723
316 918 944
316 317 1049
318 1310 1311
318 319 327 345
320 333
320 321 4224
322 323 4114
324 325 332
325 326 389
326 1416
328 4112
329 330 4099
330 331 4111
331 4104
332 333 4125
334 440 442 445
334 411 412 416
334 335 461
335 337 472 4126
336 401 405
336 406 407
336 337 431
337 494 495
337 427
338
338 4102
338
338 340 402
339 4089
339
339 340 357
340 343 354
341 437
341
341
341 342 344 355
342
342 473
342 343 405
343 441
344 346 393
345
345 465 474
345 346 387
346 348 362
347
347
347 351 394
348 433 444 4135
348 349 352
349
349 363
350 400 408
350
350 351 352
351 403 404
351 421
352
352 353 397
353 403
354 386 4130
354 356 399
355 442
355 4091
355 358 382
356
356
356 357 364
357 358 376
358
358 359 369
359 361
360
360 361 389
361 378
362 397 398
362 363 365 380
363
364 365 375
365 383
366 398
366 367 378 2503
367 391 392
367 368 406
368 389 390 391 410
368 406
369 370 379 4090
370 371 397
371 4131
371 372 373 402
372 426
373
373 374 397
374 433
375 382 384
375 376 404
376 2092 2093
376 377 379 383
377 476 477
377 389
378 379 401 4127
379 380 4128
380
381
381 385 401 4128
381 382 395
382 393 394 396
383 408 409
383 384
384
385 386
386 4076
387 4130
387 2132 2133
387 388
388 392 4129
388 396 398
388 4008 4131
390 1805
392 4088
393
394
394 395 400
395 479 4140
395 402
398
399 400 2953
402 404
403
404 405 421
405 406
407 3087 3088
407
410
410
411
412 420
413 482 483 491 4143
413 414 428
414
414 417
415 430
415 428 429
415 416 424
416 418 4068
417
417 418 465
418
419
419 2897
419
419 424 3131
420 451 453
420 430
421 423
422 1881 1883 1940
422 423
423
423 428 4133
424 426 4078
425
425 426 504
426 431 432 1765 4133
427 430 1403 4094
429 430 4001
431 4134
432 4087
432 433 447
433
434
434 438
435 4099
435 3036 4690
435
435 437 441
436 4082
436
436
436 437 468
437
438 4132
438
438 439 4132
439 4077
439 441 4270
440 474 4139
441 442 513
442
443
443 444 451
444 445
445
446 4126
446 4104
446 447 450
447
447 448 450
448 449 450
449 452 453
449 454
450 452 464
451 3429 4136
452
453 454
454
455 469 470 471
455 4103
455 472 473 475
455 457 4137
456
456 4073
456 457 460 461
457
457 482
458
458 459 491
459
459
459 460 478
460
460 511
461 462 469 499
462 487
462
462 485
463 474 475
463 467 4138
463 4137
463 470
464 465 515
465 2594 2595
466
466 492 493
466 2614 2615
466 467 476 481
467
468 480 481 4141
469 480 4140
470 497
471 472
475 476 3326
477
478 507 509
478 479 487 515
480 514
481 518 519
481 4142
482 4070
482
483 486 499
484 512 4143
485 508 509 516
485
486 487 508
488 509
488 4144
488 489
489 490 4139
490 4138
490 492 519
491 517 518
491 492
492
493 515 517
493 516 518
494 519 4145
495 4145
495 496
496 504 505 508
496 498
497 498 4067
498 4388
499 510 511
499 500 511
500 512 514
500 505
500 508
501 513 514
501 506 509 510
501 503 504
502 511 512 4144
502 503 507
503 507
506 4141
506 2392 4389
515
520 525 526
520 539 4163
520 526 529
520 521 855
521 534 535
521 1480 4160
521 522 4154
522 523 524 539
523 1414 4075
524 544 545
524 594 4161
525 4146
525 1124 1263 1264
525 1303 4162
527 843 4234
527 1601 1602
527 528 4153
528 530 4151
529 954 956
529 908 909
529 530 4160
530 1116 1117
530 531 4155
531 1170 3300
531 532 1028
532 553 4147
533 1063 1064
533 775
533 4156 4163
534 552 4165
535 536 540 1310
536 1333 1334
536 537 930 4101
537 554 4152
538 3365 4149
538 539 542 545 549
539 540 541 552
540 547
541 1081
541 549 550 551
541 4164 4165
542 638 1073
542 543 546
543 1748
543 625 626
543 4148
544 552
545 547
546 547 549 915
547 548 4158
548 812
550 1057
551 4164
551 1342 1343 1346
551 552 4159
553 1477 4166
553 4332
553 554 4150
554 817 818 4105
554 4157
555 676 677
555 556 557 857 1279
556 590 591 594 595
556 791 797
556 924
557 731 4217
557 1052
557 559
558 753 754
558 559
559 661 662 665
559 565 1244
560 4191
560 584 634
560 638 639
560 561 563 601
562 772 773 797
562 1200 1201
562 978 4197
562 563 603
563 565 1451
564 760 761
564 565 694
565 566
566 701 702 703
566 567 575 735
567 584 598 600
567 619
568 754 758
568 617 618
568 569 3074
569 570 571 575 723
570 735 736 737
570 792 793
570 576
571 646 651
571 751 752
571 572 4093
572 573 1266
573 740
573 963
574 734
574 575 1011
575 745 4198
576 790 791 792
576 674 675
576 577 4182
577 697 698
577 578
578 579 580 722
579 1001
580 989 4199
580 757 4200
581 622 4204
581 4200
581 946 4201
582 630 631 632 783
582 584 591 756
583 597 601 604 987
583 599 600
584 585 609
585 586 588 592 709
586 602 603 682
586 625 701
587 623 701 4204
587 628 4207
587 633 710 4208
587 588 605 673
588 610 677
589 596
589 592
590 4213
590
591 655 656
591 720
592 593 687
593 628 629 630
593
593 594 2303
594 601 624
595 707 708
595 596 4205
596 619 4202
596
597 610 611
598 4209 4210
599 627 4205
599 647 649 658
600 602 629
601 602 4207
602 1161 1165
603 623
604 691
604 636
605 750
605 606 669
606 607 622
607 608 1503
608 4069
609
609 610 622 4203
611 627 635 4206
611
611 613 716
612
612 680 4209
612 633 634
612 613 712
613 614 615 750
614 747 748 749
614 773 774
614 1176
615 763 765
615 616 4220
616 632 4208
616 617 689
617 629 4206
618 620 625
619 4176
619 620 632
620 644 645
620 621
621 635
622 762 765 775
623 624 627 766
624 737 742
624 626 4174
625 757
626 770
627 648 650
628 741 4218
628 991 4255
629 4202
631
631 737
632 1204 4291
635 746
635 636 4107
636 742 743
637
637 667 668 678
637 640 731
638 675 678
638 664 4211
639 640 642 661
640 665
640 644
641 710 711
641 971 973
641 642 667
642 781
643 678 679
643 645 650
644 4214
644 4180
645 655 711
646 663 666
647 4013
648 2138
648 1048 1050
649 650 651 652 703
650 693
651 762 4210
652 728
652 653 749
653 4211
654 671 673
654 655 729
655 726
656 762
657 1238 1240
657 732 733 4218
657 659 682
658 774 775
658 659 766
659
659 660 4217
660 4081
662 714 4215
662 1183 1278 1279
662 663 738
663 4215
664 1603 4357
664 665 751
665
666 712 713
666 667 692
668 669 745
669 4108
670
670
670 680 681
670 672 677 708
671 4257
671
672
672 713 714 723
672 673 3807
673 674 768
674 1565 1566 1570 3913
675 1078 1079 1080
676
677 715
679 684 687
679 729
680 1284 4301
680
681 711 725
681 682 716
682 683
683 684 685 692 721
685 1019 1021
685 686 796
686 703
687 1264
687 688 689 715
688 798
689 716 717
689 690 717
690 691 773
692 961 962
692 693 4022
693 721 722
693 1012 4212
694 695 754
695 1008 1244 1245 2371
695 1889 1890 2123
695 697 701
696 4183
696 999 1001
696 697 755
698
698 4280
698 699
699 700 785
700 753 4212
700 3747
702 754 4213
703 704 717
704 727
705 771 773
705 724 726 728
705 720 721
705 721 4214
706 4111
706
706
706 707 772
707 948 4247
707 764 765
708
708 709 1398
709 710 735
710
711 4171
712
712
713
713 4195
714 1182
715 768 771
715 723 3075
716 729 730
717 718 747
718 719 739
719 725 756 4216
720 786 787
720 984 4216
722 4221
723 726 744
724 4198
725
725 726
727 4181
727 728 749
729 781 782
730 736 1373
731 732 759
733 767 768 769
733 734 785
735 795 796
736 745
738 3062 3065
738 739 741
739 740
741 742 763
743 4197
744 947 949
744 747
745 746 747
748 3471 4219
749 750 771
751 1383 4327
751
752
752 753 763
756 757
758 1106 4274
758 759 4173
759 761 796
760 1289 4220
761 795
764
765 4189
766 769 4242
767 1102 4273
767 1199 4290
768
769 770 4193
770 4194
776 787 4221
776 788 789
776 787 788 791
776 778 779 794
777 789
777 785 789
777 783 787
777 778 784
778 781
779 780 798
780 785
782 794
783 943 944 945
783
784 4175
784 790 4199
786
788
793 942
794 795 4100
796 797 798
798 799
799
800 839 4222
800 815 818 819 834 923
800 801 826
801 810 816
801 887
802 811 4223
802 804 805
802 809 810 811
802 805
803 1005 1007
803 808 4238
804 4233
804
805 806 812 977
806 875 876
806 808 821 1768
807 896 900 906
807 984 985 4252
807 808 940
808 4255
809 938 4241
809
810 975 976
812
812 813 4186
813 2971 4223
813 870
814 913 914
814
814 957 958
814 815 1231
815
815 1833 4224
816 838
816 817
817 874
817 1085 1086
818 846
819 820
820
820 863 1144 4225
821 939 940 941 968
821 822
822 1449 4226
822
822 823
823 853 856
823 1098
823 824
824
824
825 827 830
825 829
825 831 832 834
825 833
826
826 3252 4228
826 827 828
827 983 985
827 1070 1071 1072
828 1809 4471
828 829 1104
829 867
830 4179
830 838 1069 4229
830 831 1085
831 1758 1759 4377
832 833 1080
833 849
834 852 4230
835 838 842 4232
835
835 836 839
836 842
837
837 4188
837 838 840
839 840 917
840 841 844 896
841 873 874 876
841 843 846 908
842 920
842 843 939 4233
844 845 1363
845 1207
846 927
846 847 4244
847 902 904
847 848 4196
848 1125 1126
848 4167
849 854 4236
849
849 4237
850
850
850 851 901
851
851 852 853 873 3596
852 903
853 1002 1003
854 855
855 925 4238
855 856 885
856
857 4231
857 858 913
858
858 923 924
858 868 910
859 887 888 891 894
859 860 862
860 922
860 864 865
860 866
861 4230
861 911 912 915
861
861 863 864
862 899 900 903
862 863 892
863 865
864 918 919
865 4192
865 867 873 896
866 867 926
868
868 869 897
869
869 870 877 904
870
870 873 911
871 1179 1180
871 872 4115
872 909 921
872 890 891 893
872 874 939
874 1739 4235
875 4172
876 916
877 878
878
879 4225
879 880 884 897
880 901
881 885 886
881 4237
881 905
881 882
882 910 914
882 883 887
883 884
884 894 4239
884 886 889
885
886 890
888 1703 1705
888 937
889 890 906 4231
891 909
892 893 1028
893
893 1088
895 1287 4239
895 1017 4240
896 959 960
897
897 898 3695
898 899 1396
900
901 914 915
901 902
903 4148
903 904 4190
904 905 4187
906 1020 4262
906 907
907 937 938
907 941 4244
907 908
908 4246 4247
909
910 2604
911
911
912 937
913
915 916 4086
916 1389
916 917 919 933
917 921
918 1049 1050
919 920 922
921 922 926
922 1209 1210
923
924 925 4227
925 926
926 927 4236
927 1167 1168 1173
928 934 935
928 929 932
929 932 933 936
929 936
930
930
930 931
931 934
933 1007
933
935 936
936 4185
938 1033 4242
940 4241
941 4243
941 942
942 1149
942 945
943
943 4189
944
945 948 4184
946
946 949 4385
947 4245
947
948 1086 1087 1092
948 949 4192
949 4245
950 972 973
950 968
951 4259
951 984 4253
951 952 955
952 1262 4155
952 995 996
952 953 970 981
953 998 4256
953 957 961 990
954 1010 1011 1012
954 982 983 987
955
955 1380 1381
955 956 990
956 980
958 959
960 1004
961 992 993 996
961 1001 1002
962 998
963 985 986
963 968 998
964 997
964 966 1009
965 996 997 4256
965 967 1008
966 4254
966 969 975 4250
967 979
967 989 991 993
967 969 987 4248
968 969 1000
969 4188
970 971 975 981
971 988
972 1036
972 1006 1007
973 974
974 999
976
977 4194
977
977 978 1000
980 981 982
980 983
981 4251
982 4190
984
985 4196
986 1580 4254
987 988 997
989 1047 4261
989 4390
990 991 4251
991 1002 1038
992 4185
993
994
994 4187
994 995 4249
995 4186
995 1054
997 4250
998 4257
999 4253
1000 1003 4191
1003 1005 4170
1004 1006 2819 4258
1005 1220 1221
1008 1742 1743 1745
1008 1009 4033
1009 1011 4083
1010 4193
1010
1010 4258
1011 4386
1012 4195 4259
1013 1099 1100
1013 1021 1022
1013 1014 1015 1038
1014 1039
1015 1046 4260
1015 1051 1057 4266
1015 1016 1062
1016 1104
1017
1017 1018 1037 1499
1018 1019 1075 4263
1018
1019
1019 4379
1020 4085
1020 1022 1204
1021 1200 4264
1022 1069
1023
1023 1025 1067
1024
1024 1026 1047 1072
1025
1025 1051 1052
1025 1026 1063
1026 1223 1224
1026 1027 1037 1062
1027 4267
1028 1029
1029 1268
1029 1145
1029 1031 1158
1030 1468 4337
1030 1031 4260
1031 1242 1243
1031 4265 4266
1032 4092
1033 4109
1033 1034 1243
1034 1072 1074 4269
1034 1035 1228
1035 1160 1262 1263
1035 1036 1037 1097
1036 1140 1141
1037 1040 1043 1067
1038 4383
1038 1041 1064
1039 1040 1041
1040 1062
1041 4268
1041 1042 1238
1042 1067 1068
1042
1042 1057
1043 1044 1063
1044 1084
1044
1044 1045 1068
1045 1436
1046 1049 1151
1047 1200 1279 1283
1047 1050 1110
1048 3140 3141 3146
1048
1049 1056 1066
1050 4390
1051 1053 4232 4267
1052
1053 4182
1053 1054 1212
1055 1179 1284 1286
1055 1056 1058 1060
1056 1060 1061
1057 1058 1091
1058 1059 1061
1059 1061
1059 1620 1621 4360
1059 4262 4268
1062 1065 1066 1471
1064
1064 1065 1074
1065
1066 1166 1168
1066 1068 1240
1068
1069
1069 1071 1161
1070 4062
1070
1071 1109 4276
1071 1076 1256
1072 1073 1362
1074 1075 1194
1075 3077 3078 3085
1075 1093 1139
1076 1112
1076 1077 1237
1077
1078 4158
1079 1643 1644
1080 3373 4387
1080 1081 1082 1096 1358
1082 1177 1178
1082 1107 4271
1083 3749 4270
1083 1110 4271
1083 1084 1275
1085 1108 1109
1086 1621 4361
1087 1187 1188
1087 4276
1088 1090 1092 1108
1089
1089 1090 1094
1090 1477
1090
1091 1129 1130
1091 1092 4181
1092 4146
1093
1093 1094
1094 1111 1112
1094 1095 1097 1100 1271
1095
1095 4169
1095 1107
1096
1096
1096 1097 1108
1097 1098 4275
1099 4178
1100
1100 1101 1370
1101
1101 1110 1111
1101 1103 1108
1102 1103 1787
1103
1103 1126
1105 1170 4275
1105 1106
1106 2967
1106 1111
1107 1109 4277
1109 1273
1110 1283 4301
1111
1112 4272 4277
1113 1173 1174 1178
1113 1147 1148 1153
1113 1115 1239
1114
1114 1282 3819 4278
1114 1115 1123 1139
1115 1186
1115 1122 4282
1116 1168
1117 1120 1125 1175
1118 1206 1207
1118 1225 1227
1118 1215 1216
1118 1119 1121
1119 1120 1182
1120 4072 4269
1121 1197 1198
1121 1232 1234
1121 1122 1130 1229
1122 4019 4279
1123 1192 4288
1123 1228 1232
1123 1273 2400 4280
1124
1124 1127 1151
1125
1126 1128
1127 1175
1127 1128 1143
1128 4264
1129 1247
1129 1216 1217 1218
1131 1184 1185
1131 1192 1194 1196
1131 1154
1131 1134 1247
1132 1207 1208
1132 1146 1147
1132 1133 1136 1229
1133 1134 1162
1134 1243
1135 1224 4295
1135 1246 1247
1135 1136 1138 1209
1136 1137 1220
1137 1167
1138 1188 4281
1139 1141 1234
1140 1208
1141 1143 1242
1142 1171 4282
1142 1196 1197
1142 4159
1142 1144 1151 1159
1143 1215 4283
1143 1145
1144 4096
1144 1145 1231
1146
1147 1510 1514
1147 4184
1148 1272 1286
1148 1149
1150 1235 1236
1150 1152 1155
1151 1152 1153 1217
1152 1195 1197
1152 1179
1153 1250 4298
1153 1154 1272
1155 1221 4292 4293
1155 1223 4294
1155 1156
1156 1157 1297
1157 1185 1186 1189
1157 1158 1209
1158
1159
1159 1160 1186
1160 4113
1160 1162 1189 4285
1161
1162 1245 4296
1162 1163 1219
1163 1189 1190
1163 1164 1166 1248
1164 1455
1165
1165 1226 1227
1165 1166 1200
1166 1759 1760 1764
1167 1188 4286
1168 1236
1169 4286
1170 1241 1242
1171 4281
1171 1172 1173 3502 4166
1172 1249
1172
1173 1248 1249 1250
1174 1175 4273
1175 1202 4291
1176 1295 1296
1176
1176 1178
1177 1180 1183 1187
1177 1237 1238
1178
1180 1230 1235
1181 4147
1181 1233 1234 1236 1247
1181 1182 1183 4278
1183 1184
1184 1218 1219
1187 1217 1226
1187 1227
1190 4284
1190 1191 1214
1191 4287 4294
1193 1245 1246
1193 1224 1225
1193 1194 1248 4289
1194 1229
1195
1195 1234
1195 1216 4293
1198 1237
1199 4289
1201 1202 1244
1203
1203 1205 1207 1606
1204 1205 4283
1205 1212 1214
1205 1232
1206
1206
1206
1210 4298
1210 1229 1230 3912
1210 1211 1220 1248
1211
1211 4153
1211 1241
1212 1280 1281
1212 1256 1259
1213 2804 2805
1213
1213 1214 1241
1216 1245 4297
1218 1647 1651
1218 1361 1362 3972
1219 1228
1221
1222 1341 1342
1222 1226 1246
1224
1227 4290
1228
1230 1265 1267 1271
1233
1235
1239 1240 1242 4183
1240
1243 4296
1251 1274 4300
1251 1276 4300
1251 1832 1835
1251 1285
1252 1257 1258 1261
1252 1253 1261
1253 1281 1282 1284
1253 1254 1263
1254 1258 1259
1254 1256
1255 4177
1255 1257
1257
1258
1259
1259 1260 1269 1275
1260 1284
1261 1262 1275
1265
1265 1277
1266
1267 1286
1267 1268 1269
1268 4385
1269 1270 4180
1270
1271 4299
1272 4299
1273 1274 4168
1274 1463 1464 1465 1469
1274 3544 3545 3552
1275 1276 2266
1276
1276 1277 1278
1280
1282
1285 1286
1287
1287 1288 1330
1288 1347 1348
1288
1288 1289 1343
1289
1289 1290 1291 1308 1456
1290 4084
1291 4306
1291 1641 1642
1291 1293 1300 3140
1292
1292 1328
1292 1293 1317
1293 1366 1367
1293 1295 1311 1353
1294 1813 1817
1294 1295 1617
1296 1333
1297 1755 1756
1297 1299 1300 4310
1298 1653 4308
1298 1330 1331
1298
1298 1299 1325
1299 1523
1299 4079
1300 1332 1334
1300 4307 4309
1301
1301 1302 1762
1302 4328
1302 1688 4309
1302 1324
1303 4341
1303 4167
1303 1305 1368
1304 1318 4310
1305 1306
1306
1306 3894 3895
1306 1325
1307 4331
1307 1308 1360
1308 1309 1322
1309 1334
1310 2671 4614
1310 1318 1319
1311 1312 1313
1312 4315
1312 1323
1313 1359
1313
1314 1315 1439
1315 4387
1316 1323 4311
1316 1325 1326 1333
1316 1317 4288
1317 4114
1317 1318 4149
1318 1322 1324 1329
1319 1332
1320
1320 1321 4311
1321 1322 1633
1323 1324 1352
1324 1345
1325 1339 1340 1344
1326
1326 1327 1331 1706
1327 1328 1619
1328
1329 1330 1387
1330 4302
1331 1773
1332
1333
1334 1466
1335 4119
1335
1335
1335 1339 1590
1336 1360 1361
1336 1368 4325
1336 1337 1373
1337 1597 1598
1337
1337 1338
1338 4240
1338 1339 1355
1340
1341 4034
1342 1390 4328
1343 1440 1443
1343 1344 1467
1344 1500 1501 1502
1344 4303
1345 1346 1627
1346 1350 1460
1347 4304
1347 4305
1347
1348 1349 1510
1349 1383 1384
1349 1351
1350 1352 1494
1351 1352 1409
1352 1586
1353 1756 1757
1353 1522 1523
1353 4177 4313 4314
1354 1863 4314
1354
1354 4315
1355 1612 1613
1355 3957 4316
1355 1452 4317
1356 1382 1383
1356 1936 4317
1356 1357 1519
1357 1358
1358 1359 4383
1360
1360 1435 1436 1447
1361
1361
1362 1363 4325
1363 4279
1363 1364 1441
1364
1364 1433
1365
1365 4320
1365 1366
1366
1366 1622 1623 1627
1367 1946 1947
1367 1434
1367 1368 4304
1368 1369 1378 1438
1369 1455 1456
1369 4330
1370 1402 1406
1370 1401 1403
1370 1371 1447
1371 1393 1394 1406
1371 1377
1372 4106
1372 1375 1379
1373 1387 1389 1399
1373 1374 1376 1396
1374 4179
1375
1375 1377 1401
1376 1377 1397
1377 1446
1379
1379 1381
1380 4173
1380 4318
1381 1433 1434
1381 1382 1385 1639
1383
1384
1385 1434 4326
1385
1385 1386
1386 1387 1441
1387 1442 1443
1388
1388 1389 1390
1391
1391 1392 1393 1436
1392 1435
1393 1410
1394 1412
1395 4168
1396 1397
1397 1446
1397 4172
1398 1399 1515
1399
1399 1400 1420
1401 2162 2164 2166 2173
1402 1436 1437
1403 1404 1407 4363
1404 1709 1710 1712
1404 1425 1426
1404 1445
1405 1448
1405
1405 1406 1408
1406 1407 1459
1407 1575
1408 1409 1423 2440
1409 1435 4329
1409 1410 1434
1410 4349
1411 1694 1695
1411
1411 1412
1412
1412 1413 1418 1430
1413 1431 1432
1413 1459 1461
1413 1414 1425
1414 1443
1414 1415 1432
1415 4175
1416 4170
1416 1417 1428
1417
1417 1418 1430
1418 1432
1419 4303
1419 1420 1423 1432
1420 1441 1442 1445
1420 1428
1421
1421 1633 1634 1635
1421 1422 1423 1490
1422 1505
1423 1424 1425 1445
1424 1431
1426 1427 1438
1427 1440
1428 1429 1430
1429 4308
1430 1431 4305
1431 4386
1437 1438 1444 4116 4331
1438 4332
1439 4333
1439
1439 1440 4333
1441 1518 4330
1442 1450 1453 4334
1444 1446 4095
1445 1446 4322
1447 1448
1449 1484 1485
1449
1449 1451 4316
1450 4324
1450
1451 1454 1456 1463
1452 1453
1453 1454
1454 4324
1455 1689 1690
1455
1456 1457
1457 1626 4335
1458 4335
1458 1459 4336
1459
1460 2854 2899 2900 4667
1461 1462 1470 4384
1462 1637
1463 1685 1719
1463
1464 1589
1465 1466
1466
1466 1467 1468 4323
1467 4319
1468
1468
1469 4227 4228
1469 1470 4321
1470 4097
1471 1677 1678 1679 1701
1471 1648 1653
1471 1473 1633
1472 4066
1472
1473 1566 1567
1473 1474 1592
1474 1692 1693
1474 1591
1474
1475 1528 1530 1578
1475 1617 1618
1475 1583 1586
1475 1476 1502 1569 4338
1476 1586
1476 1477 1478 1591
1478 1640
1478 1479 4110
1479 1508 1513 1737
1479 1527 1759 4346
1479 1758
1480
1480 1481 1511 1584
1481 1548 1549 1557 2917
1481 1566 4338
1481 1482 1574
1482 1483 1576
1483 1522 1558
1484 1551 1552 1704
1484 1562 1564
1485 1532 1533 1545 4306
1485 1486 1701
1486 1508 1706
1487 4339
1487 1529 1558 4347
1487 1624 1625 1657
1487 1488 1572
1488 1556 1773 4345
1489 1490 1531 1593
1490 1491 1580
1491 1494
1492 1584 1585 1589
1492 1639 1640
1492 1495 1501 1577
1493 1592 1594
1493 1494 1595
1494 1496 1628
1495 1660 1661
1495 1496 1534 1642
1496 1589
1496 1576 4340
1497 1618 4359
1497 1498 1588
1498 1568 4340
1498 1559
1499 1505 1558
1500 1585 1586 1590
1500 1558 1559
1500 1636 1637 1638 1641 1655
1501 1573
1502 1503
1503 1504 1575
1504 1630 1632
1504 1506 1626
1505 1595 4355
1505 1506 1507
1506 4098
1507 1754 1755
1507 1512 1569 4341
1508 1580 1581
1508 1628
1509 1717 4342
1509 1536 1574 4343
1510 1578
1510 1655 1656
1511 1512
1512 1648 4343
1512 1514 1582
1513 1514 4176 4339
1514 1581
1515
1515 1593 1595
1515 1516 1518 1605
1516 4174
1516 1546
1517 1556
1517 1534 4348
1517 1544
1518 1527
1519 1656
1519 1520 1524 1540
1520 1521 1522 1527
1521 1638 1639
1521 1715 4344
1523 1533
1524 1629 1630 1633
1524 1619 1621
1524 1526 1658
1525 1568
1525 1526 1529
1526 1542 1543
1526 1534
1528 1552
1529 1530 1543 1546
1530 1532
1531 1532 1546 4348
1534 1535 1551
1535 1554 4346
1535 1539 1571
1536 1538 1551
1537 1549
1537 1539 1556
1538 1539 1550
1539 1541 1551
1540 1554 1555
1540 1546 1549 1554
1540 1541 1617
1541 1587
1542 1550 1552 1553
1543 1544 1547
1545 1555 1556
1545 4349 4350
1547 1649 1650
1547 1549 1619
1548 4344
1553 1560 4350
1553 1554 1645
1555 4358
1557 4347 4351
1559 1865 1878 1951
1559 1561 1635
1560 1594 1595
1560 4353
1560 1562 1570
1561 1562 4353
1563 4352
1563 1564 1572
1564 1588
1565 1656 1659 1660
1565 1606 1607 1609
1567 4355
1567 1568 1615
1569 1646
1569 1570 1755
1570 1686
1571 1573 1585 1592
1572 1573 1771
1573 1574 1693
1574 1575 1577 1754
1575 1576
1576
1577
1577 1578 1746
1578
1579 1616 4359
1579 1582 4354
1580 1598 1600
1581 1583 4080
1582
1582 1583 4302
1584 1605 1610
1587 1716 1734
1587 1588
1588 1589 1608
1590 1591 4312
1592 1650 1651
1593
1596
1596 1763 1764
1596
1596 1599 3707
1597
1598 1704 1705
1599 1600 1619
1600 1602 1612
1601 1615 1616
1601 1610 1611 1613
1602 1630
1603 1623 1624
1603 1604 1605 1616
1604 1745
1604 4318
1605 1661 4363
1606
1608 1652
1608 1614 4377
1609
1609
1611
1611 1701 1706
1611 1642
1613 1620 4345
1614 4358
1615 1635 1636
1615 1625 1626
1617
1618 1632
1621 1738 1745
1622 4152
1622 4337
1623 4156
1623 4121
1626
1627 1628 1643 4074
1628 4307
1629 4219
1629
1630 4356
1631 1751
1631
1631 1632
1632 4320
1634 1686 4368
1634 4071
1637 4362
1642 1644 1645 4169
1643 4360
1644 1705 1709
1644
1645 4150
1645 1646
1646
1647 4319
1649 4157
1651 1652 1653 1727
1652 4351
1653 1654 1656
1654
1654 1766
1655
1657 1658 4356
1658
1658 1660 4342
1659 4112
1659
1660 1727 4366
1661 4323
1661 1702
1662 1682 1683 1684
1662 1682 4364
1662 1707 4371
1662 1663 1675
1663 4372
1663 1664 1677
1664 1684 1685
1664 1665 1670
1665 1673 1674
1665 1744 1745 1748
1665 1666 4367
1666 1680 1681
1666 1667 1668
1667 1679 1680
1667 1741 1742
1667 1668 4365
1668 1676 1738
1669 1739 1740 3193
1670 1703 4367
1670 1672 1713
1671 1717 1718
1671 1722
1671 1672 1673 1677 4364
1672 1737 1746
1672 1732
1674 1753 1754 1760
1674 4371
1675 1750 1751
1675 1676 1680 1730
1676 1701
1677 1715 4373
1678 1725
1679 1729
1681 1730 1731
1681 1749 1750
1681 1685 1737
1682 1740 1741
1683 4365
1683 1753
1686 1702 1704
1687 1774
1687 1760
1687 1741 4375
1687 1690 1702
1688 1689 1731
1689 1764 4379
1690 1691 1770
1691 1692 1741
1692 4378
1692 1775 1777
1693 1696 1727 4368
1693 1699 1715
1694
1694 1719 1720 1723
1695 1729 4369
1695 1696 1752
1696 1715 1716
1696 1697 1710
1697 1698
1698 1716
1699 1700
1700 1756 4370
1702 1768 1769
1703 1726 1728 1753
1706 1707 1931
1707 1727 1728
1707 1708 4274
1708 1732 1733
1708 1710
1709 1772 1773
1710 1711 2632 4329
1711 3304 4372
1712 1770 4380
1712
1712 1713 4171
1713 1716
1714 1766 1777
1714 1773 1774
1714 4373
1717 4380
1717 4388
1718 1776 4382
1718 1719 1740
1719 1765 1766 1767 1771
1720 1767 1768 1772
1720 1772
1721
1721 1722 1726 1744
1722 1723 4374
1723 1724 1771
1724 4007
1725 1726 1734
1728 1729 1731 1786
1731
1733 1736 1738
1734 1735 1746
1735 1736 4178
1736 1742
1737
1740
1743 4374
1746 1747 4352
1747 1748 1751
1748 1771 4381
1749 1777 4382
1750
1750 1769 1770
1752 4321
1752 1753 1802
1755 1778
1757 4376 4389
1758 4327 4378
1761 1777 1778
1761 1762 4369
1762 4322
1762 1763 1767
1765
1765 4151
1769
1775 4248
1775 4154
1776
1779 1789 4465
1779 1788 1791 1796
1779 1780 4464
1780
1780 1841 1842
1780 1789 1843
1781
1781 3252 3253 3258
1781 1782 1789 1837
1782 4090
1782 2868 2870 4657
1782 1784 1803
1783
1783 3670 4769
1783 1784 1799 1806
1784 1786
1785 4464
1785 1786
1786 1787 1805
1787 3350 3351 3352 3357
1787 1812 1824
1788
1788
1788 3051 3052
1789 4466
1790 1845 4466
1790 1791 1801
1791 1793 2643
1792 1830 1831
1792 1793 1844
1793
1794 3049 3050
1794 1795 1813
1795 3456 3457
1795
1795 1798 4467
1796 2850 2852 2853 2896
1796
1796 1797 1798
1797
1798 1804 1805
1798 1823 4468
1799
1799 1800 2950
1800
1800 1843
1801 4429
1801 3688 3694
1801 1804 1821
1802 1803
1803 1804
1805 1806
1806
1806 4018 4469
1807 1838 4473
1807 3671 4771
1807 1839 1840
1807 1812 3444 4470
1808 3421 3422 3432
1808 1810
1809 4470
1809 1810
1810 3354 3355 3361
1810 4472
1811 3166
1811 1905 1906
1811 1845 1846
1811 1812 1834
1812
1813
1814
1814 1843 1844
1814 1815
1815
1815 1816 1822
1816 3889 3890 3892
1816 1818
1817 1829 1830
1817 1818 4012
1818 1819 1821
1820
1821
1821 1823
1822
1822 1823
1823 1828 3426
1824 1825 3938
1825
1825 1826 2138
1826
1826 2612 2613
1826 1827 1829 4089
1828 1832
1831 1832 3693
1833 4467
1833
1833 1836 3616
1834 3449
1834 1838 4035
1835 3788 3789
1835 1836
1836 1837 4456
1837 1838 1839 4458
1839
1839 3003 3004
1840 4469
1840 4441
1840 1845 2554
1841
1842
1842
1844 1845
1846
1847 2269 4513
1848 2269 4519
1848 1849 1855 1866
1849 3784 3877 4794
1849 1850 1881 1991
1850 2843 2844
1850 1851 1900
1851 2002 2300 4502
1851 3136 4707
1851 1854 1884 2007 2842
1852 1884 1885 1938
1852 1857 1956 3346 4485
1852 1853 1870
1853 2131 2132
1853 1886 1887 2114
1853 1854 1867
1854 1978 1979 4484
1854 2127 4419
1855 4446
1855 2078 4486
1855 1856 1927 2340
1856 1880 1881 2131 3229 4489
1856 2125 2139 2310
1856 1935
1857 1858 1967
1858 1859 1862 2069 2696
1859 1860 1881 2052 2220
1860 1891 1929 2268
1860 1906 1907 3164
1860 1861 2125
1861 1880 2612 4501
1862 4461
1862 1863 2092
1863 1865 1901 3852
1864 2853 2910 4667
1864 1865 1909 2464
1865
1866 4443
1866 4713
1866 1868 2108 3664
1867 1933 1934
1867 2144
1867 2133 4487
1868 2029 2030 3446 4507
1868
1868 1872 2095
1869 2119 4517
1869 1871 1875 1909
1870 2128 2960 4487
1870 1879 1880 2062
1870 1871 1877 2126
1871 1873 4486
1872 1959 1960 1963
1872 1874 1951
1873 2099
1873 1874 2122
1874 1956 1957
1874 1888 2061 4028
1875 4481
1875 2100 4488
1876 2126 2128 2136
1877 1929
1878 2148 2149 2150 4423
1878 1880
1879 2081 2083 2177
1879 2194 4567
1879 2074 3836
1882 2133 4518
1882 1935 1941 4477
1882 1883
1883 1969
1884 2992
1885 1936 2412 4489
1885 1888 1930 2875
1886 4391
1886 4475
1887 4480
1887
1887 1889 1898
1888 2069 2070 2482
1888 1889
1890 1891 1973
1892
1892 3022 4688
1892 1896 1908
1893
1893
1893 4086
1893 1894 1897 2027
1894 1920
1894 1896 2033
1895 1914
1895 4075
1895 1896 1905
1896 2022
1897 4427
1897 2965 2966
1897 1898 1913
1898 2075 2077
1898 4490 4505
1899 1908 1910 1918
1899 2024 4490
1899 2142 4491
1900 2026 4491
1900 1901
1901 4518
1901 1902 1912
1902 1917
1903 2032
1903 4493
1903 1904 2004
1904 1912 1913 4493
1904 1907 1913
1905 1911 1912 4492
1906 2114 2117
1907 1915
1908
1909 1910 1911 2053
1910 2140
1911 2130 2131 2134
1913 1914 1921 2175
1914 2921 2922 2924
1914 4625
1915 2025
1915 1916 2126
1916 4068
1916 1918 1977
1917 1919 1982
1918 2023 4506
1918 1919 1925 3314
1919 1920 1972
1921 2030 2031
1921 3360 3361
1921 1922 4494
1922 4482
1922 1923 2101
1923 2020
1924 3684 4494
1924 2019 4495
1925 2111 2112
1925 4454
1925 1928 2974
1926 2020 2021 4505
1926 1928 2024
1927 1928 2032
1928 1929 1946 1973
1929 1930 1974
1930 1977
1931 2021 2022 2023
1931 2047
1931 1932 4496
1932 1933 2151
1934 2010
1935
1935 2153 4521
1936 4093
1936 1937 1940 1944 1958
1937 1938 2030
1938 2020
1938 1939 2005
1939 2036
1940
1940 1941
1941 2116 2117
1941 1943 2013
1942 2671 2672 2683
1942 1943 1961
1943 2080
1943 4485
1944 1952 1953
1944 4426
1944 1945 2015
1945 1947 1949 2035
1946 2015 2016 2017
1946 1964
1947 1978
1948 2019 2020
1948 1949 4517
1949 2022
1949 1950 1960
1950 1961
1951 1953 2025
1952 2024 2025
1952 2142 2143
1952 2494 2501
1953 1954 1956 2007
1954 1955 1963 2033
1955 1993
1956 2029 4496
1957 2025
1958
1958 1963 1982
1959
1960 1962 1997
1961 3492 3493
1961 1962
1962 1967
1963 1964 2114
1965
1965 4476
1965
1965 1966 1970 2031
1966 1967 3167
1967 1968 4015
1968 2488 4596
1968 1969
1969 3231
1969
1970 2106
1970 2997 3004 4677
1970 1971 1987
1971 2139 2143 4519
1971 1977 1978
1971
1972 1973
1973 1975
1974 2007 2009
1974 1975 1977 2064
1975 2101 2102 2105
1975 2002
1976 2005 2006
1976 1983 2168
1979 1980 1985 1999
1980 2004 2005 2008
1980 2000 2003 4503
1980 1981 2017
1981 2686 2687
1981 1993
1982 1992 1993
1982 1983 1984 2129
1983 2011 2012
1983 2035
1984 2008 2009
1984
1984 3237 4498
1985 2014 2016
1985 1988 2026 4498
1985 1986 2034
1986 2033
1987 2199 2200 2205
1987 1988 1992
1988 1990 1992
1989 1991 1996
1989 1990 2144
1990 2002 4497
1990
1991 1999 2000
1992 4447
1993 1994 4502
1994 2001 4499
1994 1995 2006
1995 1996
1996 1997 2017
1997 4474
1998 2026 4501
1998 2617 2618
1998 2001
1999 2023 4500
2001 2003
2002 2003 2015 2019
2003 2004
2006 2010
2009 2011
2010 2096 4504
2012
2013 2014
2016 2019
2017 2018 3608
2018 4403
2024 4506
2026 2027 3721
2027 2028 2111
2028 2031 2143
2029 4495
2029 4492
2031 2032 2034
2033 2035
2034 2036 2067
2035 2036
2036 2037 4499
2037
2038 2097 2098
2038 2039 2092
2039 2090 2091
2039 2040 2064
2040 2087 2088 2105
2040 3665
2040 2041 2045 2100
2041 2042 2054 2109
2042 2065 2066
2042 2063 2067 4510
2042 2104 4508
2043 2076 2079
2043 2044 2087
2044 2045 2046 2049 2072
2045 4435
2045 2050 2115
2046 2109 2110
2046
2046 2047 2080
2048 2049 2095
2049 3364 3365
2049 2081
2050 2115 4516
2050 4455
2050 2051 2055 2059
2051 2115
2052 2118
2052 2093 2094 2098
2052 2053 2061
2053 2054 2060
2054 2066
2055 2112
2055 2077 2079
2055 2058 2083
2056 4514
2056 2157 2159
2056 2058 2061
2057 2082 2085
2057 2155 2157
2057
2057 2058
2058 2085
2059 2140 2141
2059
2059 2070 2156 4509
2060 2787 2788
2060 2063
2061 2064
2062 2063 2364
2064 2065 4129
2066 2273 4510
2066 2103
2067 2068 2103
2068 4511
2069 2071 2155 4511
2070
2071 4433
2071 2072
2072 3785 3786
2072 2073 2079 2083
2073 2074 2925
2075 2107 2109
2075 3183 3188
2075 3137 3154 4708
2076
2077 2660 2661
2077 4512
2078
2078 2080 4512
2079 2080 3286
2081
2082 2688 2801
2083 2084
2084 3097 3100 3101
2084 2085
2085 4500 4513
2086 4488
2086 2089
2088 2089 4522
2089 4508
2089 2090
2090
2091 2093 2158
2092 4418
2093 2935 2936
2094 2156
2096
2097
2098 2099 2144
2100
2100 2101 4523
2101
2102 2103 2154
2103 4478 4514
2104 4521
2104 2105 2107
2105 2106 2113 3309
2107 2754 2755
2107 2159 4515
2108 2109 3355
2110 2112 2574
2113 3088 3089
2113 4516
2115 2116 3347
2117 2158 2159
2117 2118
2119 4463
2119 2120 2124 2158
2120 2511 2512
2120 4297
2121 2765 2769
2121 4504
2121 2122
2122 2123 2125
2123 2127 2158
2124 4772
2124 2125
2127 2701 2704
2127 2128 4483
2128 2134 4438
2129
2129 4420
2129 2131
2130 3161 3164
2133 2892 2893 4665
2134 3577 3578
2134 2135
2135
2136 2156 2157
2136 2138
2137 4442
2137 2138 3350
2139
2139 2159
2140 2938 4671
2141
2141 2142 2153 2926
2142 2155 4523
2143 2144 2145
2145 4520
2146 4457
2146 2147
2147 2154 2156
2147 2148 3030
2148
2149 2155
2150
2150 2151 2153 3755
2151 2152 4479
2152 2717
2152
2152
2154 4509
2157 4515 4522
2160 2812 4525
2160 2993 2994
2160 2775 2776
2160 2161 2613
2161 2890 2893
2161 2975 2977 2986
2161 2162 2404
2163 3451 3452
2163 2164 2483
2164 2579 2595 2596
2164 4737
2165
2165 3443 3444
2165 2412 4524
2165 2166
2166
2167 4334
2167 4484
2167 2168 2170 2608
2168
2168
2169
2169 4417
2169 2170 2413
2170 4526
2171 2182 4526
2171 2344 4583
2171 2698 2699 2711
2171 2172 2602
2172
2172 2173
2173 4459
2174 2578 4609
2174 4611
2174 4074
2174 2175 2184
2175 2931 2932
2175 2282
2176 2672
2176
2176 2183 2552
2177 2185 2187
2177 2183 2186
2177 2178 2181
2178 2182
2178 2179 3553
2179 2181 2182
2179 4480
2180
2180 2181 2186 2544
2183 3288 3310
2184
2184 2185 2781
2186
2186 2187 2937
2187 2493 4597
2187 4606
2188 2213 4569
2188 2303 4566
2188 2191 2197 2478
2189 2280 2281
2189 2191 2746
2190 2254 2255
2190 2194 2457
2191 2660 4567
2192 2292 2294
2192 2193 2216
2193 2212 2214
2193 2194 2609
2194 2452
2195 2309 2310
2195 2196 2454
2196 2269 2270 2277
2196 2197 2469
2197 2314 2316
2197 2198 2601
2198 2298 2299
2198 2201 2444
2199 2220 2221
2200 2323 4579
2200 2284 2285
2200 2201 2204 2525
2201 2818
2202 2305
2202 2204 2474
2203 2240 2241
2203 2321 4578
2203
2203 2204 2276
2204 2476
2205 2216 4571
2205 2206 2526
2206 2207 2817
2207 2237 2238
2207 2208 2210 2496
2208 2542 4568
2209 2313 2316
2209 2210 2447
2210 2570 2571
2210 2744
2211 2450 2451
2211 2317 2318
2211 2212
2213 2245 2263
2213 2214 2216 2480
2214 2815
2215 4570
2215 2234 2235 2239
2215 2216 2802
2217 2225
2217 2235 2236
2217 2218 2473
2218 2232 2233
2218 4570 4571
2218 2219 2631
2219 2221 2223 2229
2219 4543
2220 2279
2222 4548
2222 2223 2309
2223 2270 2271
2223 2289
2224 4479
2224 2225 2226 2287
2225 2312
2226
2226 2291 2292
2226 2227 2447
2227 2618 4607
2227 2228 2466
2228 2301 4572
2228 2270 4573
2228 2230
2229 2232
2230 2296 2297 2298
2230 4561
2230 2231 2319
2231 4565
2231 2232 2235 4575
2232 2268 4573
2233 2260 2261
2233 2259 2260
2233 2254
2234 2307 2308
2236 2297
2237 2251 2252
2237 4687 4688
2238 4536
2238 2240
2239 2241 2242 2291
2241 2282
2242
2242 2243 2446
2243 2319
2244 2266 2267
2244 2250 2252 2253 2263
2244 2252
2244 2274
2245 4564
2245 4558
2246 2608 2611
2246 3293 3294
2246 2256 2308
2247 4547
2247 2248 2251 2290
2248 4434
2248 2288
2249 4563
2249 2250 2272 2314
2251 2448 4594
2251 4597
2253 2297
2253 4579
2253 2256 2321
2254 3284 3285
2254 2483 2485 2487
2255 2728 2729
2255 2257 2313
2256 2282 2284 2288
2256 2257 2260 2516
2257
2257 2317
2258 2469 2487
2258 2259 2295
2259 2875 2876 2893
2259 2322 2323
2260 2310 2311
2261 2464 2465 2467
2261 2262
2262 2708
2263 4445
2263 2264 2266 2301
2264 2679
2265 2300 2307
2265 4451
2265 2266
2267 2319
2268 2303 4576
2268 4533
2269 4562
2270 4557
2271 2817
2272 2273 2278 2499
2273 4539
2273 2274 4569
2274 2293
2275 4560
2275 2276 2278 2309
2276 2307
2277 4574
2277 2278 2281 2282
2278 2279 2457
2280 2289 2291
2281 2320
2281 2304
2283 3151 3153 3154
2283 2455 2456
2283 2286 2323
2285 2286 2313
2286 2320
2287
2287 4535
2287 2288 3639
2288 2297 2458
2290
2290 2292 2300
2291 2301 4575
2293 2294 2296 4577
2294 4578
2295 2296 2441
2296 4530
2298 2318 2320
2299 2449
2299 4608
2300 4596
2301 2302 2425
2302 2303
2304 2306 2566 4576
2304 2305 4566
2306 2584 4606
2306 2307 2460
2308 2496 2509 4598
2308 2311 2559
2309
2311 2312 2317
2312 4407
2315 2780 4577
2315 2316 2317 2469
2316 4574
2319 2320 2321 2513
2321 2322 4553
2324 4425
2324 2407 4580
2324 2325 4590
2325 2327 2331 2714
2326 2399
2326 2327 4529
2327 2410
2328 2395 2398
2328 2436 2437
2328 2333 2398
2329 2421
2329 2405
2329 2413 2414 2420
2329 2332 2398
2330 2429 4593
2330 2331 2543
2331 2332 2343 2479
2332 2334 4537
2333 2411
2333 2400 2401 2404
2333 2334
2334 2335 2337 4534
2335 2448 2449
2335 2437 2438
2335 2463
2336 2456
2336 2442 2443
2336 2428 2430
2336 2337 2619
2337 2432 2434 2436
2337 2339 4397
2338 2445
2338 2453
2338 2431 2432
2338 2339 2443
2339 2506
2340 3184 4711
2340 2341 3630
2341 4462
2341 2343 2550
2342 2377 2410 4582
2342 2417
2342 2343 2514
2343 2438 4583
2344 2427 2435
2344 2425 2426
2344 2345 2443
2345 2433
2346 2575 2576
2346 2367 2388 4584
2347 2441 2442 2451
2347 2389 2391 2415
2347 2348 2450
2348 2424
2348 2351 2674
2349 2418 2421 4591
2349 2422 2423
2349 2350 2406
2350 2386 2387
2351 2364 2772
2352 2510 2511
2352 2353 2396
2353
2353 2355 2807
2354 2435 2436
2354 2355 2431
2355 2357 2462
2356 2388
2356 2357 2362 2694
2357 2564 2565
2357
2358 2363
2358 2577 2592
2358 2359 2719
2359 2362 2363
2359
2359 2360 2428
2360 2361 2804
2361 2362 4585
2361 2436
2364 4527
2364 2366 4589
2365 2434
2365 2440
2365 2367 2374 2390
2366 2369 2428
2367 2391
2367 2369 2669
2368 2460 4581 4582
2368 2412 2413
2368 2387 2388
2368 2369 4588
2369 4593
2370 2386 4588
2370 2371 2373 2386
2371 2390 2391
2371 2372 2450
2372 4559
2373
2373 2374 2644
2374 4591
2374 2375 2804
2375 2401
2376 2381 2382
2376 2379 2380
2376 2377 2378 2380
2376 2382
2377 2419 4586
2378 2441
2379
2380 4708
2380 2381 2420
2382 2383 2478 4587
2383 2455
2384 2386 4587
2384 2385 2417
2385 2418
2389
2391 2539
2392 2393 2394 2779
2393 2556 2557 2562
2393 2425
2394 2395 2397 2403 2412
2395 2420 2421 2423
2395 3265
2396 2397 2430
2397 2464
2398 2399 2642
2400 3741 3858
2400 2439 2440
2401 2438 2439
2401 2402 2829
2402 2442
2403 2533 4589
2403 2404 2448
2404 2405 2411 2471
2405 2422 4590
2405
2406 2472 2473 2485
2406 2407 2629
2407 2408 2445
2408 2409 2482
2409 2429 2430
2409 2419 4592
2409 2411 2625
2410 2411 2559
2414 2443
2414 4531
2415 2416 2766
2416 4436
2416 2417 2419 2590
2418 4552
2419 2430 2435
2420 4585 4592
2423 2424 2714
2424
2426 4549
2426 3228 3231 3234
2426 2427
2428 2454 2455
2431 3561
2431 3795 3796
2433 2434 4586
2437 4568
2444 2445 2448 4581
2446 2447 2454 2553
2447 4528 4594
2451 2452 2849
2452 2453 2456 2828
2457
2457 2476 2527
2458 2864 2865 2904
2458 2459 2461 2546
2459 2558 2559 2561
2459 2460 4542
2460 2462 2650
2461 2479 2480
2461 2527 2529
2461 2776 4595
2462 4546
2462 2464 2493
2463
2463 2465
2465 4538
2466 4559
2466 2468 2481
2467 2468 2751
2468 2801
2469 4450
2470 4067
2470
2470 2471 2474 2767
2471 2605 4607
2471 2472
2473
2473 2778
2474
2474 2475 2477 2618
2475 3074 3075
2475 2563 2564
2475 2797
2476 2477 2572
2477 2670 4614
2477 4563
2478 2499 2500
2478 2479
2479 3191 3192
2480 3721 3722 3848
2480 2481 4572
2481 4550
2481 2483 2671
2482 2520
2482 2484 4545
2484 2811 2813 4625
2484 2486 2552
2485 2486 2551
2486 4622
2487 2488 2489 4476
2489 2490 2491 2545
2490 2597
2491 2492 2493
2492 4560
2494
2495 4555
2495
2495 2497 2506 2644
2496 2497 4561
2497 4452
2497 2500 2517
2498 4477
2498 2548 4602
2498 2502 2731
2500 2501 2663
2501 2532 2534 2537 2541
2501 2502 2514
2502 2697
2503 2519 2520
2503 2504 2546
2504 2505 2506 4564
2505 2669
2505 2827 2828
2505 2631
2506 2507 4440
2507 4031
2508
2508 2603 2604
2508 2509
2509 2510 2780
2511 2571 2572
2512 4540
2513 2777 2778
2513 2516 2521 4541
2514 2515 2516 2518 4554
2515 2528
2516 2534 4599
2517 4600
2517 2518 2527
2518 2537 2538
2518 2519 2538
2519 2528 2529
2519 2534 2535
2520 2536 2538
2521 2522 2528
2522 2523 2531
2523 2524 2537
2524 2525 2532
2525 4551
2526 2527 2530 2560
2529 4558
2530 2560 2561
2530 2536 2811
2531 2537 2550
2532 4507
2533 2627 2630
2533 2534 2556
2535 4600 4773
2538 2539 4598
2540 2546 2547
2540 2778
2540 2541 4750
2541 2569
2542 2558 4601
2542 2543 2553 2570
2543 2557
2544
2544 2814 4626
2544 2548
2545 2546 4602
2547 2568
2548 4437
2548 2549 2550 2563
2549 2564
2550 2551 2554 2560
2551
2551 2565
2552 2580 2582 2583
2552 2553 2557
2553 2554 4544
2554 2555
2555 2576 4603
2556 4532
2557 4565
2559 2626
2560 2616 2617
2561 2563 2641
2562 2564 2598
2565 2566 4562
2566 2568 2706
2567 2568 2572
2567 2569
2568 4599
2569 4603
2569 2570 4601
2572 2573
2573 2574 4430
2574 4557 4604
2575 2843 4604
2576 4556
2577 2582 2800 4605
2577 2607 2610 2619 3951
2577 2578 2602 2685
2578 2598 2599 2780
2578 2579 2621 2962
2579 2628 2629 2817
2579 2581 2626
2580 2581 2592 2979
2581 2612
2583 2584
2584 4453
2584 2585 3965
2585
2585 2586 2588
2586 2590 2599
2586 2587 2749
2587
2587 2593
2588 2589
2589 2596
2590 4595
2590 4444
2591
2591 2592 2594 3177
2593 4534
2593 2594 4525
2594 4439
2595 4528
2596 2598 4415
2597 2600
2599 2600 3205
2600
2600 2601 2605
2601 2686
2602 2603 2606 2784
2606 4543
2606 3979 3980
2606 2608 2627
2607 4529
2609 2974 2984
2609 2611 2621
2610 2866 2903 2906
2610 2611 2626
2611 4460
2613 2614 2620
2615 2620 2622
2615 4531
2615 2616 4535 4605
2616 4608
2616
2618 2619 2633
2619 4532
2620 3194 3198 3200
2620 4483
2621 2623 4421
2622 2629 2630
2622 2623 4481
2623 3303
2623 2624
2624 2625 4449
2625 3481 3482 3486
2625 4096
2626 2630 4609
2628 3281 3282
2630 2631 4032
2631 2632 2633 4448
2632 4584
2632
2633 2634 4082
2634 2635 3427
2635 4087
2636 2784 4610
2636 2637 2702
2637 2779 2781 2793
2637 2766 2767 2777
2637 2638 2746
2638 2790 2791
2638 2745 4620
2638 2639 2689
2639 4613
2639 2640 2825
2640 2735
2641 2747 2748 2753
2641 2666 4020
2642 2760
2642 2646 4398
2643 4619
2643 2652 2755
2644 2645 2658
2645 2654
2646 2691 2693
2646 2647 4527 4612
2647 2648 2756
2648 2734 2735
2648 4611
2649 2800 2801 2808
2649 4544
2649 2730
2649 2650 2816
2650 2653 2741 4612
2650 2651 2722
2651 2662
2652 2673 2674 2675
2652 2655 2748
2653 2658 2662
2653 2657 2674 4613
2654 2814 4627
2654 3295 3296 3297 3304
2654 2655 2799
2655 4410
2655 2657 2749
2656 2684 2685 2686
2656 2657 2720
2657 2659
2658 2755 2756
2658 2808 4623
2659 2813 4626
2659 2660
2661 4478
2661 2663 2691
2662 2799 2800
2662 2663 2694
2663 2664 2665 4005
2664 2700
2665 2666 4014
2666 2667 4552
2667 2794
2668 2759 2760 2761
2668 2729 2730
2668 2669 2670 2702
2670 2828
2670 2733 2734 4619
2673
2673 2735 2736
2673 2806 2807
2674 2678 2803
2675 2753 2755
2675 2821 2822 2827
2675 2676
2676 2781 2782 2785
2676 2807 4530
2677 2751 2752 2753
2677 2678 2679 2754
2678
2679 2738 2739
2679 2680 2692 2757
2680 2681 4617
2681 2682 2758
2682 2764
2683 2750 2754
2683 2686
2684 2727 2728 2735
2685 2731 2732
2685
2687 4616
2687 2688 2827
2688 2689 2797
2689 2690
2690 2691 2829
2692 2693
2693 4475
2694 2726 4618
2694 2695
2695 2740 2741 2751
2695 2697 4546
2696 2699 2705 2746
2697 2742
2697 4550 4615
2698 2728 4615
2699
2700 2701 2796
2701 2756 2757
2702 2703
2703 2704 4424
2704 2705 2707 2744
2705 2763 2764
2705 2706 4548
2706 2757 2761
2706
2707 2761 2762
2707 2708
2708 4616
2709 4621
2709 2712
2710 2812 2813
2710 2711
2711 2764
2711 2712 2715 2830
2712 2741 2742
2712 2723
2713 4622 4627
2713 2714 2798
2714 2715 2727
2715 2752
2715 2716 2796
2716 2717
2718 2748 4621
2718 2719 2804
2719 2720 2745
2720 2743 2753 4620
2720 2721 2744
2721 2737
2721 2722 2724 2751
2722 2727 4617
2722 2723 2749
2723 2749 2750
2723 2757
2724 2746 2754 2763
2724 2839 2840 2885
2724 2725 2760
2725 2726 2740
2727 3646 3647
2730
2732 2733 2799
2733 4537
2733 4554
2736 2737 2738 4547
2739 2747
2743 2809 2810 4624
2743 2774
2744 2745 4580
2745 4802
2747 4428
2750 2810 2811
2752 4618
2758 2759 4405
2762
2765 4431
2766 4541
2766 4474
2767 2768 2825
2768 2769 2775 2782
2769 2789 2791
2769 2770
2770 2771
2771
2772 4624
2772 2773
2773 2774 2776
2774 2783 2787
2776
2779 4540
2780 2783 4630
2781 3771 3842 4790
2782 4422
2782 2783 3967
2783
2784 2785 2789 4536
2785 2808 2809
2785 4432
2786 2803
2786 2788
2788 4610
2790 4553
2790 2798 2800
2791
2791 2792
2792 4751
2792 4545
2792 2825
2793 3328 3329
2793 2820 2821
2793 2794
2794 2795 4549
2795 3611
2795 4070
2796 2797
2797 2814
2798 4416
2802 4551
2802 2825 2826 2831
2802 2803 2805 2808 2826
2805 3162 3163
2805 4555
2806 4542
2807 4539 4623
2809 2819 2822
2810 4556
2812
2813 2877 4661
2814 2815 4533
2815 4482
2816 2833 2834
2816
2816 2821
2817 2818 2821 2832
2818 2836
2818 4628
2819 4759
2820 2836 4630
2820 2832 2834
2822 2823 3806
2823 2824 2834
2824 2835
2826 4538
2826 2828
2829 2831 4017
2830 3134 3137
2830 2831 2833
2831 2832 4629
2834 2835 4631
2835 4631
2835 2836
2837 2865 2867
2837 2909 4652 4670
2837 4660
2837 2839 4664
2838
2838 4633
2838
2838 2840 2841
2839 2853 2854
2839
2840 2851 2852
2840 2845 2899
2841 4456
2841 2842 2844 2851
2842 4072
2842 2890 2932 4653
2844 2911 2912
2844 2900
2845 2893 2894 3037
2845 2871 4658
2845 2899 3059 4654
2846 2883 4654
2846 2873 2874
2846 2847 2884
2847 2856 2857
2847 2848 4073
2848 2849
2849 2852
2850 3004 4679
2850 3255 4719
2850
2851 2887 2888 4445
2852 4662 4686
2853 3439 3441
2854
2854 2876 3032 4655
2855 2966 2967 2978
2855 2857 2913 4659
2856
2857 4404
2857 2858 2861
2858 2859 4655
2858 2891 4656
2859 2913 2914 2915 3419
2859 2860 2892 3074
2860 2861 2890 3395
2861 2862 2875
2862 2915 2916 3072
2862 2876 2877 4426
2862 2877
2863 3148
2863 2904 2905
2863 3512
2863 2870 2881 4642
2864
2864 2894 3457
2866 2982 2983
2866 2988
2866 2867 2946
2867 2869 2909 4439
2868 2869 2916 3021
2869 2898 4425
2870 4641
2870 2911 4400 4658
2871 2907 3224 4659
2871 2872 2898
2872 2995 2996 2997 2998
2872
2872 2873 2915 3112
2873 3163 3164 3165
2873 4408
2874 2895 4660
2875 4647
2877 2878 3072
2878 2879 3857
2879 3032 3035
2879 2919 4656
2879 2880 4637 4652
2880 2881 3670 4657
2881 3369 4662
2881 2882 4393
2882 2883 4644
2883 4663
2884 4684
2884 2885 2887 2895 4433
2885 3734 3840 4789
2885 2886 3016
2886 2904
2888 2889 3037
2889 4450
2891 2892 3244
2894 4638
2894 3903 4664
2895 3645 4665
2895 4635 4666
2896 4524 4666
2896 2897 3050
2898 2899
2900 2901
2901 3019
2902 3502 3504 3505
2902 2903 3116
2903 2914
2904 4653
2905 2906 2914
2906 2984 2985
2906 2907 2937
2907 2916
2907 2908 4649
2908 2909 3047
2909 2911 4441
2910 3017 3019
2910 2912
2912 4085
2916
2917 2961 2963
2917 2918 2919 2986
2918
2918
2918 2946
2919 3400 3401
2919 2922 2935
2920 4449
2920
2920 2921 2985
2922 4683
2922 2923 3077
2923 2928 2949
2924 3052 4669
2925
2925 2994 4669
2925 2926 2969
2926 3338 4668
2926 2981
2927 4694
2927 3013
2927 3192 3193 3194
2927 2928 2999
2928 2954
2929 2950 2951
2929
2929 2930 2987 4671
2930
2930 2970
2930 2931 2942
2931 4670
2932 4680
2933 2952 4672
2933 2934 2936
2934 2936
2935 2980 2981 2982
2935 2959 2960 2966
2936 2937 2976 4673
2937 2939 4681
2938
2938 2983
2938 2939 2940 2945
2939 2956
2939 2989
2940
2940 2941 3068
2941 2991 4676
2941 2945
2942
2942 2944 2951 3078
2943
2943 2944 2982
2944 2947 2960
2945 2946 3809
2946 2948
2947 2948 3423
2948 2971
2949 2950 2953 2993
2951 2995
2952
2952 2954 2963
2953 2954 2979
2954 2955 2957
2955 2957 2958
2955 2958
2955 2956 2982
2959 4632
2960 3053
2961 3033 4674
2961
2962 2963 2967 3199
2963
2964 2991 2992
2964 3633 4767
2964 2965
2966 4424
2968 2981
2968 2986 2987
2968 2972
2969 4458
2969 2970 2972
2971 3643 3644
2971 2974 2977 3125
2972 3270 3282
2972 2973 2983 3016
2973 3813 4795
2973 3067 3071 4692
2973 2974 2989
2975 3084
2975 4645
2976 2977 3419
2977 2978 4636
2978 4092
2979
2979 2981 3009
2980
2980 4423
2985 3422
2986 2990 2991
2987 4419
2987 2988 3104
2988 3539 3540
2989 3081 3082
2989 2994 4643 4675
2990 3228 4675
2991 3404 3405
2994 2996 4429
2995
2995 3046 3048 3049
2996 4004
2997
2997
2998 3081 4678
2999 3002
2999 4679
2999 3003
3000 3349 3350 3354
3000 3001 3003 4682
3001 4460
3001 3002
3005 3072 3073 3086
3005 3006 3010
3006 4668 4680
3006 3007 4634
3007 4453 4683
3008 3778 4785
3008 3043 4681
3008 3009 3051
3009 3010 3012
3010 3011 4077
3011 4457 4684
3012 3013 3014 3046
3014 3041 4686
3014 4693
3014 3015 3041
3015
3015 3020 3055
3016 3018
3017 4685
3018 3036 3037
3018 3033 3034 3038
3018 3019 3021 3651
3019
3020
3020 4406
3020 3024 3027 3040
3021 3022 3028 4399
3022 3039
3022 3023
3023 3071 4693
3023 3024 3034
3024 3034 3035
3024 3025 3563
3025 3032
3026
3026 3027 3033
3027 3055
3028 3029 3030
3028 3031
3028 3069 4689
3029
3029 3054 3056 4691
3030 3031 3033 4687
3031 3050
3034 4689
3035 4685
3037 3039 3071
3038 3039 3048
3039 3064 3065
3040
3040 3042 3073 4648
3041 3042 3056 3124
3042 3044 4413
3043
3043 3045
3044 3045 4690
3045 3049 3834
3047 4677
3047 3048 3692
3048 4674
3051
3052 4639
3052 3054 3066
3053 3054 3063
3054
3055 3056 3058 3067
3056 3061
3057 3534
3057 3058 3059 3066
3058 3065
3058 4651
3059 3060 3064
3060 3065
3061 4691
3061 3062 3067 3139
3063 3064
3066 3067 4461
3068 3069 4454
3069 3070
3070 3071 3119
3072
3073 3279 3280
3073 3074 4646
3075
3075 4676 4694
3076
3076 3077
3078 3080 3083
3079 3490
3079 3080
3080
3080 3081 4640
3082 4650
3082 4436
3083
3083 3084 3838
3085 3989
3085
3086 4661
3087 3660 3661
3087 3233
3088 3285
3089 4025
3090 3130
3090 3118 3121
3090 3091 3097 3122
3091 3092 3093 3138
3092 3152
3093 3132 3133
3093 3094 4639
3094 3125 3126
3094 3135
3095 3225 3226
3095 3096 3141
3096 3167 3168 3172
3096 3099 3123
3097 3131 3133
3098 3107
3098 3105 3106
3098 3099 3303
3099 3126
3099 3100 3150
3100 3135
3101 3103 3156
3102 3124 3125 3128
3102 3115 3116
3102 3129 3130 3131
3102 3103 3138
3103
3104 3133
3104 3262 3263
3104 3105
3105 4704
3105 3184 3185
3106 3107 3109 3143
3107 3283 3285
3108
3108 3109
3109 3122 4705
3110 3157 4705
3110 3111 3120
3111 3156
3112 4712
3112 3149 4709
3112 3113 3130
3113 4414
3113 3362 3363
3113 3115
3114
3114 3164
3114 3116 3140
3115 3263 3264
3115 3177 3178 3184
3116 3117 3186
3117 3118 3183
3118 4699
3119 3187 3189 3190
3119 3139
3119 3120 3165
3120 3121 3432
3121 3126 4026
3122 3125
3123 3268 3269 3282
3123 3127 3145
3126 3154 3155
3127 3128 3149
3128 3129 3260
3129 3146 3147
3132
3134
3134 3229 3230
3134
3135 3174 4706
3135 3548 4707
3136 3137 3180
3137
3138 3139 3147 3286
3141 3277 3278 3279
3141 3142 4701
3142 3144 3269
3143 3144 4695
3144 4703
3145 3159 3161 4711
3145
3145 3146 3378
3147
3147 3148 3151
3149 3182 3191
3150 3228 4709
3150 3152 3156
3152 3153 4714
3153 4717
3154
3155 3178
3156 3157 4010
3157 3274
3157 3280
3158 3193
3158 3160 3161 3171
3158 3172 3173
3158 3190
3159
3159
3159
3160
3160 4696
3160 4392
3161 4710
3162
3162
3163
3165
3165 3166
3167
3168
3168 3256
3169 4628
3169
3169 3170 4704
3170 3171 3217
3171
3171 3172 3436
3173
3173 3174 3246
3174 3235
3175 4640
3175 3176 3192 3272
3176 3273 3274 3275
3176 3283
3177
3178 3476 3477
3178 3179 3230
3179 4428
3180 4432
3180
3180 3182 3278 4712
3181 4635
3181
3181 3182 3253
3182
3183 4634
3183 4071
3185 4448
3185
3185 3186 3192 3257
3186
3186 3188 3397
3187
3188 4698
3188 3189 3284
3189 3221
3190 3232 4713
3191 4642
3191
3194
3195
3195 3196 3232
3196 3198 3255
3197
3197 3198 3479
3198 3218
3199 3200 4710
3200
3200 3221
3201 3226 3229
3201 3711 3712 3723 3876
3201 3202 3271
3202 3254 4716
3202 3203 3245
3203 3215 3222
3204 3212 3213 3216
3204 3264 3265 3266
3204 4649
3204 3205 3213
3205 3206 3207 3211
3206
3206 3211
3207 3213
3207 3232 3233 3235
3207 3208 3215
3208 3270 4714
3208 3209 3210
3209 3214
3210 3256 3257
3210 3211 3265
3211 3214 3279
3212
3212 3235 3237 3252
3212 3223 4715
3214 3217 3219 3273
3215 3216 3229
3216 3217 3221
3217 3223
3218 3219 3262
3219 3220 3271
3220 3227
3221 3222 4716
3222
3222 3223 3233
3223 3224 3236
3224 4080
3224 3275
3225 3276 3279
3227 3241
3227 4717
3227 3568 4718
3228
3230 3305 4718
3230 3231 3239
3231 3240 3241
3234 4695
3234 3235 3306
3236 3278 3286
3236 3239 3240
3236 3237 4427
3237 3238 3240
3238
3242 3257 3258 3266
3242 3253 3255
3242 4719
3242 3243 3247
3243 3259
3244
3244 3245 3249
3245 3246 3251
3246 4394
3246 3247 3251
3247
3247 3248 3249
3248 3275
3249 3250 3260
3250 3251 3263
3251 3264
3254 3255 3281
3258 4715
3259 4430
3259 3265 3270
3260 3261
3261 3262 4633
3262
3266 3267 3472
3267 3342
3268
3268
3268
3269 4700
3271 3531 4756
3271 3272 4697
3272 3274 3856
3273 4438
3275 3277 4462
3276 3330 3331 3333
3276 4459
3280 3285 4706
3281 4023
3282 3284 4455
3286 3287 4702
3287 4076
3288
3289 3323 3332
3289 4629
3289 3290 3360
3290
3290 3804 3805
3290 3291 3293
3291 3326
3291 3425 3426
3291
3292 3304 3309
3292 3296
3292 4725
3293 3436 3437 3440
3294
3294 3298
3295 3331
3297 3333 3338
3297
3297 3299 3497
3298 3299 4724
3299
3299 3300 4768
3300 3302 3326
3301
3301
3301 3303 3509
3302 3898
3302 3319 3320
3302 3303
3304 3442 3443
3305
3305 3306 3605
3306 3320
3306 3308 3478
3307 3370
3307 3308 3618
3308 3311 3654 4725
3308 3669
3309 3311 4417
3310 3355
3310 3311 3325
3311 4420
3312 3434 4741
3312 4396
3312 3313 3325
3313 3327 3328 3334
3313 3339 3340
3313 3314 3316 3336
3314 3438 3440
3314 3659
3315
3315 3337
3315 3316 3328
3316 3317 3343 4726
3317 3559 3560
3317 3634 3636
3317 3318 3319 4452
3318 3336 3337
3318 3341
3319 3343 3344
3319
3321 4663
3321 3345 4727
3321 3322
3322 3401 3405 4736
3322 3323 3635
3324
3324 3330 3459
3325 3448 3449
3325 3326 3327 3553
3327 4421
3329 3870
3332 4726
3332 3336 3437
3333 4401
3333 3786 3787
3334
3334 3335 3339 3688
3335 3336 4720
3338 4721
3338 3339 3371
3339 3501 3502
3340 3363 3364 3366
3340 3470 3471
3340 3344 3441
3341
3341 3342 3489
3342 4723
3342 3343
3344 4747
3345 4029
3345 4644
3345 3346
3346 3347 3351 3510
3347 3368 3369
3347 3601
3348 4728
3348 4722
3348 3360 3366
3349
3349
3351 4755
3352 3353 3363
3353 3372 3373
3353 3358 3592
3354 3365 3371
3355 3369 3370
3356
3356 4030
3356
3356 3357 3363
3357
3358 3359 4729
3359 3501
3361
3361 3368
3362
3364
3364 4643
3366 3367 3370 3445
3367 3481 4728
3368 4069
3370 4027
3371 4729
3371 3372 3658
3372
3372 3497 3503
3373 3735 3740 3745 3751
3373 3490
3374 4703
3374 3380 3417
3375 4402
3375
3375 3376
3376 3488 3489 3494
3376 3377 3649
3377 3446 4742
3377 3379 3417 4734
3378 3379 3408
3379
3379 3380 3381 3630
3380 3384 3402 3682
3381 3647 3648
3381 3551 3552
3381 3382 3542
3382 3426 3427 3428
3382 3409 3410
3382 3528
3383 4740
3383 4730
3383
3383 3385 3418
3384 3385 3389 3439
3385 3479 3480
3385 3386 3408
3386 3387 3651
3387 4079
3387 3388
3388 3416 3538
3389 3526 3527
3389 3391 3563
3390 3408 3409
3390 4095
3391 3392 3418
3392 3417 3418
3392 3664 3665 3672
3392 4735
3393 3636 4735
3393 3540 3541
3393 3409 4739
3393 3394 3578
3394 3395 3440
3395 3396 3563
3396 3667 3669
3396 3397 3409
3397 3458
3398 3684 3685 3686
3398 4636
3398
3398 3399 3403 3664
3399 3410
3400 4748
3400 4732
3402 3417 4736
3402 3403 4739
3403 3410
3403 3492
3404 3435 4733
3405
3405 3406 3433
3406 3407
3407 3475 4738
3407 3488
3408 4734
3411 3418
3411 3412 3414 3472
3412 3512
3413 3686 4775
3413 3493 3494
3413 3414 3474
3414 3415 4731
3415 3416 3693
3416 4769
3419
3419 3420 3424 3507
3420
3420 3443 3566
3421 3576 3577
3421 3652 3653
3422
3422 3423 3475
3423 3572 3577
3423 3424
3424 3425 3481
3425
3427 3578 3579
3427 4732
3428 3429 4721
3429 3516 4740
3430 3457
3430
3430 3431 3433 3668
3431 3537
3432 3498 3500 3513
3432 3434
3433 3434
3434 3691
3435 3436 3710
3436 3575
3437 3573 3576 4758
3437 3448 3501
3438 3525 3526 3528
3438 3510 3525
3438
3439 3734 3735 3737
3439 3682 3683 3696
3440 3441 3499
3441 3442 4632
3442
3443
3444 4698
3445
3445 3508 4742
3446 3447 3593
3447 3448
3448
3449 3579 4759
3450
3450 3675 3676
3450
3450 3451 3457 3667
3451
3451 4409
3452
3452 3454 3476
3453 3661
3453 3472
3453 3454 4723
3454
3454
3455 3526 4755
3455 4395
3455
3455 3456 3460 3470
3456 3484 3485
3458 3480 3481
3458
3458 3459 4418
3459 3461 3491
3460 3461 3465 3471
3461 3471 3472 3474
3461 4447
3462 4648
3462
3462 3463 3476
3463 4720
3463 3464 3467 3480
3464 3465 3536
3465 3672
3466 4724
3466 3467 3678
3467 3526
3468 3473 3474
3468 4745
3468 3469
3469 4637
3469 3595 3653
3469 3470 3565 4743
3473 3491 3492
3473
3473 3479 4744
3474 3475 4645
3475 3485 4745
3476 3554 3555
3477
3477 3478 3479 3491 3502
3478 4743
3478 3550
3480 3679 4746
3482 4437
3483 3592 3593
3483 3484 3546
3484 4747
3485 3487 4748
3486 3487 4647
3487 4650
3488
3488 4440
3489 3490 3683
3492 3654
3494 4699
3495 3564 3565 3567
3495 3496 3579
3496 3567 3568 3570
3496 3506 3512 3516
3496 3511 4749
3498 4754
3498 3678 3679 3680
3499 3619 3623
3499 3500 4471
3500 3505 3695
3501 3555
3503 3637 3638 3642
3503 3690
3503 3504 4443
3504 4641
3505 3506 3621
3506 3521 3522 3523
3507
3507 3510 3797
3508 3629 3630 3639
3508 3509 3609
3509 4646
3509 3510 3511 3635
3511 3524 4753
3511 3512 3623
3513 3517 4750
3513 3514 3517 4751
3514 3515 3592
3515 3523 4753
3515
3515 3674
3516 3522
3516 4752
3517 3524 4754
3517 3519 3522
3518 4752
3518 3520 3523
3519 3520 3522
3520 3521
3525 4697
3525 4700
3527 3555
3528 3608
3528 4431 4756
3529 3606 3640
3529 3530 3602
3530 4002
3530 3532 3554
3531 3532 3539
3532 3533 3546
3533 3600 3601 3625
3533 3644 3648 3651
3533 3534 3666
3535
3535 3616 3617
3535 3604 3641 3642
3535 3536 3539 3542 3663
3536 3538 3570
3537 3633 3634
3537 3538 3695
3538 3594
3541 3680 4774
3541
3542 3543 4696
3543
3543 3597
3544 3602
3544
3545 3546 3661
3546 3547
3547 3623 3624
3547 3548 3691
3548 3549 4451
3549 3686 3687
3549 3550 3638
3550 4722
3551 3685
3552 3553 4422
3553 3676
3554 4731
3556 3676 3685 4771
3556 3624
3556 4757 4774
3557 3646 4757
3557 3558 3627
3558
3558 3560 3627
3559 3591 3635 3636
3560 3561 3570 3677
3561 3772 3899 3900
3562
3562 3569 3629
3563 3565 3671
3564 3639 3640 3641
3565 3638
3566 3778 3780 3797
3566 3567 4416
3567 3627 3628
3568 4749
3568 3569 4435
3569 3625 3626
3569 4638
3570 3571 3686
3571 3572 3689
3573 3575 3615
3574 3631 3632
3574 3575
3576
3577 3650 3653
3579 3633 4768
3580 3648 3649
3580 3651 3652 3657
3580 3616 4766
3580 3582 3625
3581 3650 4760
3581 3591 3641 4764
3581 3601 3602 3603
3581 3582 4765
3582 3585 3625
3583 3593 3595
3583 3626 3649
3583 3588 3609
3584 3630 3631 3634
3584 3597 3603
3584 3640 3647
3584 3585 3620
3585 3636
3585 3586 3594
3586 3594 4765
3586 3615 3617 4767
3586 3587 3657
3587 3612 3613
3587 3628
3587 3588 3589 3595
3588 3594 3595
3588 3660 4761
3589 3591 3592 3607
3589 3646 4762
3589 3590 3637
3590 3603 4763
3596 3620 3621 3622
3596
3596 3602
3598 3618 3619
3598 3662 3690
3598 3663 4770
3598 3599 4762
3599 3621
3599 3600
3600
3603 3607 4463
3604 4702
3604 3605 3607 3610 4766
3605 3673 4772
3605 3606 3617
3606 3681
3607 3608 4021
3609 3610 3618
3610 3611 3612 3671
3611 3670 3671
3613 3614 4444
3614 3620
3617 3619
3622 3623 3633 4446
3626 3627 4024
3628 4761
3629 4763
3632
3634
3638
3639 3680 3681 3689
3642 3687
3642
3643 3664 3668 3670 4770
3644 4701
3645 3646 4760
3648 4737 4738
3650 3662 4776
3652
3653 3654
3655 3658
3655 3656 3660
3656 3661
3657 3658 3659
3659 3689 3690 3692
3659 3660
3665
3666 4094
3666 3667 4442
3668 3669
3669 4434
3672 4412
3672 3673
3674 4088
3674 3675
3676 3677
3677 4758
3678 4651
3679 3684 4773
3679
3683 4411 4775
3684
3685
3689
3691
3691 3692 4730
3692 3693
3693 3694 4733
3694 4744
3695 3696
3696 3697
3697 4746 4776
3698 3713 3714 3718
3698 3774 4784
3698 3722 3724 4780
3698 3699 3700 3742
3699 3733 4780
3699 3772 3773
3699 3719
3700 3758 3759 3760 3762
3700 3737 3738
3700 3702 3705
3701 3733
3701 3775 3776
3701 3702 3705
3702 4777
3702 3707
3703
3703 3793 3794
3703 3704 3788
3704 3729 3907 4777
3705 3750 4778
3705 3706 3708 3715 4091
3706 3825 4401
3707 3891 3892
3707 3708 4410
3708 4407
3709 4016
3709 3931 4801
3709 3711 3822
3710 3712 3713 3858 3960
3711 4782
3712 3742
3714 3745 3746
3714 3715 3763
3715 3846
3715 3716
3716 3754 3755
3716 4789
3717 4081
3717 3904 4798
3717
3717 3718 3752
3718 3823 4412
3718 3746
3719 3930
3719 3727 3773
3720 3933 3938
3720 3721 3880
3721
3723 3749 3750
3723 3724 3725 3763
3724 3782
3725 4804
3725 3726 3745
3726 3804 4779
3727 3925 3926 3932
3727 3728 3824 3988
3728 3743 3744 3747
3728 3729 3791
3729 3732 3737 4781
3730
3730 3731 3765
3731 3733 3795
3732 3733 3940
3734
3734 3779 3780 3787
3736 3802
3736 3845 3846
3736 3738 4408
3738 3811 3812
3738
3739
3739 3740 3792
3740 3741
3742 3761
3742 3743 3819
3744 3908
3745 3819
3746 3748 4394
3747
3747 3748 3771
3748 3762 3764
3748 4043
3750 3768 3769 3770
3750 3751 3814
3751 3809 3811 4786
3751 3752
3752 3756 4404
3753
3753 3763 3764
3753 3754
3755 3756 3860
3756 3810
3757 4413
3757 3759 3918
3758
3758
3759 3789
3760 3761 3765 3954
3762 3885 3886
3762 3797 3801
3764 3800
3765 3766 3767
3766 3767 3769
3766 3768
3768 3801 3802
3769 3810 4782
3770 3848 3849 3852 4395
3770 3966 3967
3770 3772
3771
3771 3772
3773 3775 4783
3774 3805 3806 3818
3774
3776 3789 3790
3776 3782 4784
3776 3986
3777 3782 3783
3777 3781 4785
3778 3808 3809
3779 3781 3783
3779 3783
3780 4397
3780 3803
3781
3781
3784 3957 3958
3784 3786 3808
3785 4781
3787 3969 3970
3787 3882
3788
3790 4805
3790 4127
3790 3791 3795 3811
3791
3791 3794 3811
3792
3792 3794 3800
3794
3795 4084
3796 3808
3798
3798 3802 3807
3799 3949 3950 3966
3799 3800
3800 3801
3801 3931 3932
3802 3814
3803 3959 3960
3803 3805 3809
3805
3806
3807 3808
3810
3810 3812 3946
3812
3812 3815
3813 3814 3815 3894 3944
3815 3816
3816
3817 3826 3827 3847 3969
3817 4399
3817 3818
3818 3819
3820 4393
3820 3901 3902
3820
3821 3854 3855 3873
3821 4807
3822 3897 3898
3822 3823 3824 3827 3863
3823 3878 3879
3824
3824 3825 3860
3825 3911 3912 3914
3825 4406
3826
3827 3828 4414
3828 3994 3995
3828 3907 3909
3828 3870 4787
3829 3893 4795
3829 4788
3830 3837
3830 3868 3874
3830 3831
3831 3832 3840
3832 3836 3837 3838
3832 3833 3842
3833 3840 3841
3833 3843 4788
3833 3835 3853
3834 3835 3842
3835 3842 3843
3835 3839
3836 4403
3837
3837
3838
3838 3839 3841 3852
3839
3839 3847
3841 3849 4790
3843 3844 3889
3844 3845 3849 4791
3845 3988 3989
3846 3849 3850
3846 3884 3885
3847
3847 3848 4066
3848 3981 3982
3850 3851 3876
3851
3852 3853 3854
3853 4396
3854 3948
3854 3967
3855 3856 4402
3856 3857 4409
3857
3857 3858
3858 3859
3859 4792
3859 3860
3860
3861 3897 4796
3861 3921
3861 3880 3881 3891
3861 3876 3885 4793
3862
3862 3865 3883
3863 3881
3863 3984
3863 3864
3864 3865
3865 3866 3892
3866
3866 3888 4793
3866 3893
3867
3867 3900 3902
3868 3985 3986 3987
3869 3902
3869 3870 3871 3952
3870
3871
3871 3872
3872
3872 3880
3873 3874
3874 3875 3881
3875 3886 4794
3876 3877
3877 3882 3891 3899
3877 3878 3888
3879 3908 3912
3879 3895
3880 4799
3881
3883
3883 4787
3883 3884 3888
3884 3943 3945
3886 3945
3887 4011
3887 3890 3962
3888 3891 3893 4391
3890 4006
3892
3894
3895 3901 4797
3895 3896 3897
3896
3899 3944 3945
3899
3900
3901 3970 3971
3903 3904 3999
3904 3905
3905 3971 3985
3905 3907 3993 4799
3906
3906
3906 3907 3922
3908 3965 3966
3908
3909 3947 4800
3909 3910 3914 3975
3910 3996
3911 3954 3956 3959
3911 3963 3964
3912 3951
3913 3950
3913
3913 3914 3992
3914 3981
3915 4791
3915 3916 3973
3916
3916 4808
3916 3917 3994
3917 3921 3922 3997
3918 4083
3918 4415
3918 3919 3986
3919 3920 3930 3937
3920
3920
3920 3921 3972
3922 3923 3944
3923 3939 3940 3943
3923 3924 3975
3924 3964
3925
3925 3975 3977
3925 3977 3978 3980
3926 3963
3927 3992 3993 3999
3927
3927 3972 3977
3927 3929 3931 3969
3928 3973 3974 3978
3928 3929 3988
3929 3930 3991
3930 3937 3938 3939
3931 4003
3932 3956 4805
3932 3991
3933 4802 4806
3933
3934
3934 3937 3991
3935
3935 3988 4806
3935 3936 3980
3936 3937 3957
3938 3961
3939 3962 3964
3940 3942 4792
3941 3974
3941 3942 4778
3942 3978
3942 4801
3943 3987 3989 4808
3944 3958 3959
3945 3946 3983
3946 3998
3946 3955
3947 4400
3947 3971 4803
3947 3948 3949 3979
3948 3980
3949 3999 4809
3949 3976 3977 3982
3951 3982
3951 3952 3955 3990
3952 4411
3952 3953 4798
3953 4405
3953 4779
3953 3997 4804
3954
3954 3968 3969
3955 3999 4000
3955 3956 3978
3956 4000
3957
3959 4786
3960 3961 3970
3961
3961 3967 4392
3963
3964 3965 3981
3965 4009
3966
3968 3975 4807 4809
3970 4078
3972 4398
3973 3997 3998 4000
3973 3990 3995
3976
3981
3983 3984 3989 4797
3985 3996 3997
3986 3995
3991 3993 3994 4800
3993 4796
3995 4803
4048
4050
4054
4135
4136
4142
4161 4162
4201
4222
4226
4229
4234
4235
4246
4249 4252
4261
4263
4284 4285
4295
4336
4354
4357 4362
4361
4370
4375 4381
4465
4468
4472
4497 4503
4672 4673
4678
4692
4727
4741
4764
4783
